c00 1 0 53
c01 0 1 77
c02 0 3 19
c03 0 5 51
c04 1 10 46
c05 0 15 78
c06 1 21 10
c07 0 26 48
c08 1 30 24
c09 0 31 65
c10 1 31 34
c11 0 31 16
c12 1 39 45
c13 0 48 40
c14 1 51 30
c15 0 53 44
c16 0 54 67
c17 0 62 34
c18 0 67 76
c19 1 67 61
c20 0 71 98
c21 0 76 41
c22 0 83 61
c23 1 88 56
c24 1 88 36
c25 1 94 64
c26 0 103 88
c27 1 109 6
c28 1 116 31
c29 1 123 18
c30 0 128 80
c31 1 131 48
c32 1 133 10
c33 1 142 92
c34 1 148 5
c35 1 150 51
c36 0 152 80
c37 0 153 40
c38 0 160 50
c39 1 169 93
c40 1 170 61
c41 1 173 87
c42 1 181 36
c43 1 189 39
c44 0 195 39
c45 1 195 19
c46 0 197 11
c47 0 204 33
c48 0 206 74
c49 1 212 27
c50 0 214 14
c51 0 219 18
c52 0 228 40
c53 1 235 54
c54 0 244 41
c55 0 251 64
c56 1 252 76
c57 0 261 90
c58 1 262 59
c59 1 270 90
c60 1 277 54
c61 1 285 19
c62 0 292 57
c63 0 292 70
c64 1 297 93
c65 1 298 32
c66 0 302 55
c67 0 302 64
c68 0 309 41
c69 0 311 15
c70 0 311 1
c71 1 315 10
c72 0 323 38
c73 0 327 11
c74 0 333 98
c75 0 337 89
c76 0 344 18
c77 1 346 33
c78 0 351 58
c79 1 351 76
c80 1 360 31
c81 0 369 83
c82 0 377 47
c83 1 378 36
c84 1 381 80
c85 1 381 58
c86 1 389 7
c87 1 396 89
c88 0 404 52
c89 0 410 92
c90 1 419 87
c91 1 424 45
c92 0 425 52
c93 0 432 52
c94 0 433 10
c95 1 442 3
c96 0 445 32
c97 0 448 95
c98 0 449 33
c99 1 453 38
c100 1 455 77
c101 1 462 74
c102 0 467 86
c103 1 467 59
c104 0 472 64
c105 0 473 42
c106 1 474 40
c107 1 477 20
c108 0 479 26
c109 1 483 29
c110 0 489 89
c111 0 494 95
c112 1 499 39
c113 0 500 3
c114 0 502 60
c115 0 507 77
c116 1 507 64
c117 1 511 58
c118 0 512 43
c119 1 512 30
c120 1 516 90
c121 0 522 54
c122 1 523 62
c123 0 529 37
c124 0 536 25
c125 1 545 97
c126 0 547 41
c127 1 548 2
c128 0 550 15
c129 0 553 38
c130 1 561 11
c131 0 563 80
c132 1 565 58
c133 0 569 43
c134 1 570 24
c135 0 573 86
c136 1 575 89
c137 0 580 88
c138 0 588 92
c139 0 596 65
c140 1 603 6
c141 1 603 30
c142 1 603 16
c143 0 612 70
c144 1 618 65
c145 1 625 2
c146 1 634 38
c147 1 637 24
c148 0 640 97
c149 0 645 23
c150 0 652 53
c151 0 657 25
c152 0 665 88
c153 1 665 72
c154 1 674 19
c155 1 682 91
c156 0 683 77
c157 1 683 61
c158 0 688 95
c159 1 688 80
c160 0 694 48
c161 0 698 63
c162 0 707 69
c163 1 707 69
c164 0 707 8
c165 0 714 72
c166 0 718 51
c167 1 726 74
c168 0 730 91
c169 1 734 82
c170 1 735 27
c171 1 739 16
c172 0 745 22
c173 0 754 32
c174 1 761 78
c175 1 768 81
c176 0 770 97
c177 0 776 63
c178 0 785 28
c179 0 789 55
c180 0 796 93
c181 1 798 79
c182 1 807 82
c183 1 810 44
c184 1 816 84
c185 0 825 57
c186 0 826 89
c187 0 829 64
c188 0 830 27
c189 1 835 81
c190 1 836 24
c191 0 841 24
c192 0 841 10
c193 0 846 27
c194 0 848 55
c195 1 848 9
c196 0 854 75
c197 0 862 10
c198 1 865 76
c199 1 870 73
c200 1 879 82
c201 1 884 49
c202 1 885 15
c203 0 892 84
c204 1 892 62
c205 1 895 4
c206 0 903 13
c207 1 907 18
c208 1 910 45
c209 0 919 25
c210 0 923 27
c211 1 923 88
c212 1 926 12
c213 1 931 92
c214 0 936 34
c215 0 939 9
c216 1 944 98
c217 0 952 35
c218 0 954 68
c219 1 957 49
c220 0 964 67
c221 1 970 65
c222 0 973 89
c223 0 977 57
c224 0 984 72
c225 0 988 16
c226 1 990 12
c227 0 997 22
c228 1 999 10
c229 0 1002 74
c230 0 1003 35
c231 1 1007 61
c232 0 1012 13
c233 1 1013 75
c234 0 1021 57
c235 0 1029 4
c236 0 1029 53
c237 0 1030 98
c238 1 1037 29
c239 1 1037 86
c240 0 1041 56
c241 0 1043 59
c242 1 1048 92
c243 0 1053 3
c244 1 1058 67
c245 1 1066 17
c246 1 1075 6
c247 0 1082 64
c248 0 1088 52
c249 1 1096 97
c250 1 1101 57
c251 0 1104 85
c252 1 1112 28
c253 0 1116 97
c254 0 1121 9
c255 1 1121 17
c256 0 1122 2
c257 0 1126 49
c258 0 1126 87
c259 1 1133 7
c260 0 1137 9
c261 0 1140 45
c262 0 1142 67
c263 1 1150 21
c264 0 1156 29
c265 0 1157 29
c266 0 1158 61
c267 1 1162 20
c268 0 1165 76
c269 1 1166 21
c270 0 1175 64
c271 1 1181 45
c272 0 1182 54
c273 0 1188 37
c274 0 1190 76
c275 1 1190 67
c276 0 1196 9
c277 1 1198 93
c278 0 1207 10
c279 0 1211 52
c280 1 1214 32
c281 0 1217 14
c282 0 1226 48
c283 0 1228 28
c284 1 1231 8
c285 1 1233 78
c286 1 1236 78
c287 0 1238 53
c288 1 1243 95
c289 1 1251 9
c290 0 1260 8
c291 1 1262 90
c292 1 1264 48
c293 0 1270 97
c294 0 1276 5
c295 0 1278 42
c296 1 1279 79
c297 1 1288 8
c298 0 1291 92
c299 1 1299 24
c300 0 1301 1
c301 1 1301 22
c302 1 1308 14
c303 0 1312 74
c304 0 1315 85
c305 1 1321 10
c306 1 1330 6
c307 1 1331 25
c308 0 1338 65
c309 1 1340 51
c310 1 1349 16
c311 0 1352 88
c312 1 1353 55
c313 0 1356 3
c314 0 1358 36
c315 1 1359 80
c316 1 1363 87
c317 1 1369 25
c318 1 1375 78
c319 0 1378 76
c320 1 1382 77
c321 0 1385 52
c322 1 1390 17
c323 0 1394 46
c324 1 1403 15
c325 1 1405 55
c326 0 1408 17
c327 1 1415 56
c328 0 1422 54
c329 0 1427 40
c330 1 1433 51
c331 1 1437 77
c332 1 1446 96
c333 1 1455 87
c334 1 1459 63
c335 0 1464 68
c336 0 1467 82
c337 1 1472 64
c338 0 1476 47
c339 0 1482 30
c340 1 1482 89
c341 0 1487 14
c342 0 1487 9
c343 1 1491 3
c344 1 1496 54
c345 1 1499 70
c346 1 1505 92
c347 1 1510 19
c348 0 1517 36
c349 0 1521 64
c350 0 1529 53
c351 1 1536 28
c352 0 1542 99
c353 1 1546 97
c354 1 1548 81
c355 1 1549 72
c356 1 1551 48
c357 1 1557 10
c358 0 1565 70
c359 0 1569 43
c360 1 1575 88
c361 0 1579 63
c362 0 1582 6
c363 1 1591 45
c364 1 1600 15
c365 0 1601 2
c366 1 1609 13
c367 1 1617 65
c368 0 1626 70
c369 1 1634 11
c370 1 1635 7
c371 0 1637 5
c372 1 1638 70
c373 1 1639 5
c374 1 1639 14
c375 0 1644 24
c376 1 1644 54
c377 0 1652 57
c378 1 1653 82
c379 0 1654 79
c380 1 1659 8
c381 1 1659 5
c382 0 1664 62
c383 1 1669 36
c384 0 1669 36
c385 0 1676 70
c386 0 1676 60
c387 1 1685 49
c388 0 1685 7
c389 0 1691 93
c390 1 1691 28
c391 0 1700 20
c392 1 1708 88
c393 1 1712 79
c394 0 1721 35
c395 0 1724 72
c396 0 1729 42
c397 0 1735 89
c398 1 1743 44
c399 1 1747 49
c400 1 1747 28
c401 0 1747 76
c402 1 1750 55
c403 1 1753 20
c404 0 1759 33
c405 0 1766 65
c406 0 1770 38
c407 0 1771 4
c408 1 1771 77
c409 1 1777 3
c410 1 1778 26
c411 1 1779 24
c412 1 1779 63
c413 0 1782 7
c414 1 1789 9
c415 0 1790 41
c416 0 1791 13
c417 0 1793 58
c418 0 1796 64
c419 1 1801 76
c420 0 1809 96
c421 0 1817 73
c422 1 1821 45
c423 1 1830 20
c424 1 1832 89
c425 0 1840 14
c426 0 1841 73
c427 1 1847 43
c428 1 1850 76
c429 0 1856 89
c430 1 1862 30
c431 0 1871 25
c432 1 1871 79
c433 0 1878 24
c434 1 1880 6
c435 0 1888 3
c436 0 1889 4
c437 1 1892 58
c438 0 1897 39
c439 1 1899 82
c440 0 1901 18
c441 1 1903 86
c442 1 1908 27
c443 0 1915 21
c444 1 1915 48
c445 0 1915 87
c446 0 1918 75
c447 0 1924 11
c448 1 1926 18
c449 0 1933 51
c450 0 1934 82
c451 0 1935 92
c452 0 1937 61
c453 1 1946 16
c454 0 1952 20
c455 0 1957 96
c456 0 1960 19
c457 0 1963 65
c458 0 1965 26
c459 1 1969 42
c460 0 1976 52
c461 0 1978 28
c462 1 1987 89
c463 1 1992 84
c464 1 1997 38
c465 0 2005 39
c466 0 2007 35
c467 1 2014 18
c468 1 2018 69
c469 1 2022 80
c470 0 2023 26
c471 0 2029 86
c472 0 2035 1
c473 1 2038 77
c474 0 2047 15
c475 1 2050 8
c476 1 2059 9
c477 1 2065 78
c478 1 2066 96
c479 1 2068 60
c480 0 2077 37
c481 1 2084 48
c482 1 2093 39
c483 0 2101 84
c484 1 2105 36
c485 0 2114 81
c486 1 2122 39
c487 1 2126 42
c488 1 2128 32
c489 1 2130 24
c490 1 2134 40
c491 1 2138 11
c492 0 2142 71
c493 0 2150 93
c494 1 2158 5
c495 0 2162 58
c496 0 2170 90
c497 0 2173 3
c498 1 2179 3
c499 1 2181 88
c500 0 2187 6
