c00 0 0 42
c01 1 0 61
c02 1 2 92
c03 0 5 52
c04 1 12 60
c05 1 12 66
c06 1 19 14
c07 1 24 41
c08 1 26 37
c09 1 28 68
c10 0 34 59
c11 1 38 40
c12 1 46 15
c13 1 53 54
c14 1 56 90
c15 0 56 29
c16 1 61 55
c17 0 64 23
c18 1 65 16
c19 1 65 69
c20 0 73 59
c21 1 80 88
c22 1 84 29
c23 1 84 22
c24 0 90 29
c25 1 98 82
c26 0 106 13
c27 1 110 92
c28 0 118 40
c29 0 124 41
c30 1 128 8
c31 1 136 72
c32 0 141 71
c33 1 143 30
c34 0 146 3
c35 1 155 85
c36 0 160 4
c37 1 168 7
c38 1 169 71
c39 1 174 43
c40 1 182 96
c41 1 188 75
c42 0 192 77
c43 0 192 6
c44 0 197 93
c45 0 197 88
c46 1 202 74
c47 1 203 12
c48 1 210 53
c49 0 215 53
c50 1 217 49
c51 0 219 2
c52 1 225 78
c53 1 232 24
c54 0 237 85
c55 1 246 11
c56 0 255 66
c57 0 261 8
c58 0 266 69
c59 0 274 87
c60 1 275 68
c61 0 275 82
c62 1 283 1
c63 1 292 1
c64 1 297 80
c65 1 305 24
c66 0 313 78
c67 0 320 96
c68 0 320 84
c69 0 322 40
c70 0 324 10
c71 1 332 4
c72 1 335 34
c73 0 344 83
c74 1 345 11
c75 1 349 37
c76 1 354 1
c77 0 355 82
c78 1 357 78
c79 1 359 5
c80 1 368 6
c81 0 368 25
c82 0 375 2
c83 0 382 13
c84 1 382 85
c85 1 386 82
c86 1 386 93
c87 0 392 96
c88 1 393 21
c89 0 402 3
c90 0 411 12
c91 1 412 55
c92 1 419 42
c93 0 428 66
c94 1 433 32
c95 1 437 21
c96 1 438 28
c97 1 439 40
c98 0 446 67
c99 1 451 38
c100 0 457 58
c101 1 460 41
c102 0 465 43
c103 0 468 93
c104 0 477 10
c105 1 477 31
c106 1 482 32
c107 1 485 59
c108 1 494 40
c109 1 501 72
c110 0 504 25
c111 0 507 4
c112 0 510 95
c113 0 515 69
c114 1 518 64
c115 1 522 68
c116 0 530 85
c117 1 535 28
c118 1 535 28
c119 0 538 7
c120 0 543 54
c121 1 543 38
c122 1 549 93
c123 0 554 48
c124 1 563 69
c125 0 563 23
c126 0 570 47
c127 0 579 59
c128 0 579 64
c129 1 581 99
c130 0 581 91
c131 1 586 25
c132 1 591 74
c133 0 592 88
c134 1 601 22
c135 1 601 4
c136 0 607 14
c137 1 612 22
c138 1 617 56
c139 1 619 86
c140 0 627 43
c141 1 630 38
c142 0 637 61
c143 0 637 61
c144 1 646 61
c145 1 654 72
c146 1 654 96
c147 0 654 68
c148 1 657 26
c149 1 663 77
c150 1 663 34
c151 1 669 42
c152 0 675 98
c153 1 684 56
c154 1 684 47
c155 1 693 76
c156 1 697 99
c157 0 705 16
c158 1 708 81
c159 1 710 92
c160 1 719 96
c161 0 728 63
c162 1 733 33
c163 1 735 68
c164 0 743 73
c165 0 752 23
c166 1 754 87
c167 0 754 35
c168 1 762 73
c169 0 762 78
c170 1 762 48
c171 1 768 62
c172 0 770 66
c173 0 776 98
c174 1 783 22
c175 1 792 84
c176 0 792 60
c177 1 794 78
c178 0 798 23
c179 0 803 5
c180 1 804 87
c181 0 810 32
c182 0 818 75
c183 1 823 31
c184 0 830 29
c185 1 831 25
c186 0 838 3
c187 1 844 54
c188 1 853 82
c189 1 854 78
c190 1 859 70
c191 0 862 35
c192 0 870 43
c193 0 871 16
c194 0 871 19
c195 0 876 13
c196 1 877 53
c197 0 886 44
c198 1 890 8
c199 1 898 60
c200 1 904 84
c201 1 904 87
c202 1 908 86
c203 0 914 71
c204 1 916 69
c205 1 922 71
c206 0 923 86
c207 0 931 72
c208 1 931 49
c209 1 934 11
c210 0 934 26
c211 0 939 30
c212 1 939 28
c213 0 947 99
c214 0 952 10
c215 0 957 94
c216 0 962 22
c217 0 971 21
c218 0 974 36
c219 0 978 67
c220 0 979 93
c221 0 986 51
c222 0 995 89
c223 0 1000 64
c224 1 1002 93
c225 1 1003 5
c226 1 1005 97
c227 1 1010 89
c228 0 1017 40
c229 1 1018 55
c230 0 1019 94
c231 0 1024 65
c232 1 1026 31
c233 1 1030 38
c234 0 1037 84
c235 1 1046 98
c236 1 1049 32
c237 1 1057 58
c238 1 1064 37
c239 1 1064 18
c240 1 1067 90
c241 0 1072 10
c242 1 1081 82
c243 1 1081 44
c244 1 1082 91
c245 0 1089 54
c246 0 1089 24
c247 0 1089 44
c248 0 1089 35
c249 0 1090 80
c250 0 1090 49
c251 1 1091 78
c252 1 1100 95
c253 1 1104 15
c254 1 1106 74
c255 0 1111 38
c256 0 1112 43
c257 1 1115 23
c258 0 1123 68
c259 1 1123 60
c260 0 1124 77
c261 1 1132 45
c262 0 1132 84
c263 0 1133 20
c264 1 1139 24
c265 1 1141 72
c266 1 1143 17
c267 0 1152 75
c268 0 1154 7
c269 0 1163 14
c270 1 1165 35
c271 1 1174 6
c272 1 1181 82
c273 1 1185 93
c274 1 1186 91
c275 0 1188 85
c276 0 1189 98
c277 0 1189 69
c278 0 1192 16
c279 1 1192 67
c280 1 1195 43
c281 1 1199 87
c282 1 1208 2
c283 0 1214 56
c284 1 1220 3
c285 0 1222 34
c286 0 1230 52
c287 0 1234 22
c288 1 1242 75
c289 1 1251 4
c290 0 1257 16
c291 0 1265 30
c292 0 1273 44
c293 0 1282 72
c294 1 1286 46
c295 0 1293 84
c296 1 1297 32
c297 0 1298 74
c298 0 1306 16
c299 1 1312 71
c300 1 1317 93
c301 0 1325 45
c302 1 1333 9
c303 1 1342 10
c304 1 1342 73
c305 0 1347 39
c306 1 1351 8
c307 1 1354 22
c308 1 1355 24
c309 1 1362 63
c310 0 1371 86
c311 0 1376 77
c312 1 1385 92
c313 1 1392 44
c314 0 1395 79
c315 0 1404 16
c316 1 1410 80
c317 0 1414 35
c318 0 1421 85
c319 1 1425 80
c320 0 1432 72
c321 0 1434 69
c322 0 1435 64
c323 1 1436 84
c324 1 1439 28
c325 0 1444 63
c326 1 1450 67
c327 0 1455 38
c328 0 1460 54
c329 0 1468 82
c330 1 1468 68
c331 0 1470 36
c332 1 1470 96
c333 0 1470 16
c334 0 1474 46
c335 1 1480 96
c336 0 1487 18
c337 1 1490 96
c338 0 1498 56
c339 1 1504 36
c340 1 1511 15
c341 1 1519 94
c342 0 1528 80
c343 0 1536 4
c344 0 1540 63
c345 1 1548 8
c346 1 1554 98
c347 0 1561 88
c348 0 1570 41
c349 0 1572 52
c350 1 1581 14
c351 1 1581 15
c352 0 1590 24
c353 0 1592 72
c354 1 1595 90
c355 1 1598 55
c356 0 1598 44
c357 1 1606 13
c358 1 1607 56
c359 1 1612 51
c360 1 1613 36
c361 1 1616 28
c362 0 1623 58
c363 1 1632 47
c364 1 1641 70
c365 1 1647 72
c366 1 1651 79
c367 1 1652 64
c368 1 1654 9
c369 0 1659 38
c370 1 1664 64
c371 1 1670 36
c372 0 1679 17
c373 1 1684 64
c374 0 1691 12
c375 0 1695 37
c376 1 1700 18
c377 0 1704 48
c378 0 1708 46
c379 0 1714 4
c380 0 1723 2
c381 0 1726 79
c382 0 1726 4
c383 0 1731 18
c384 0 1732 67
c385 1 1739 5
c386 0 1746 22
c387 0 1751 18
c388 1 1757 83
c389 0 1758 48
c390 1 1767 35
c391 1 1775 74
c392 0 1775 78
c393 0 1776 69
c394 0 1777 7
c395 0 1786 56
c396 0 1788 2
c397 0 1793 68
c398 0 1797 92
c399 1 1806 53
c400 0 1815 17
c401 1 1817 10
c402 1 1826 59
c403 0 1833 56
c404 1 1837 90
c405 0 1843 91
c406 1 1850 5
c407 0 1856 13
c408 1 1860 63
c409 1 1860 7
c410 0 1866 87
c411 1 1870 18
c412 1 1875 72
c413 0 1875 42
c414 0 1881 16
c415 0 1884 74
c416 1 1888 57
c417 0 1893 53
c418 1 1902 42
c419 0 1909 18
c420 1 1911 30
c421 0 1913 2
c422 0 1920 53
c423 1 1928 42
c424 1 1933 22
c425 0 1936 59
c426 1 1938 7
c427 1 1947 18
c428 1 1956 82
c429 0 1962 51
c430 1 1962 6
c431 0 1970 52
c432 0 1975 34
c433 0 1977 83
c434 0 1982 34
c435 0 1984 57
c436 1 1989 79
c437 0 1995 89
c438 0 2000 22
c439 0 2009 64
c440 1 2016 95
c441 0 2017 26
c442 0 2026 42
c443 0 2028 34
c444 1 2028 27
c445 1 2035 13
c446 1 2041 33
c447 0 2050 71
c448 1 2055 46
c449 0 2060 34
c450 1 2066 15
c451 0 2073 12
c452 0 2073 86
c453 1 2075 38
c454 1 2075 72
c455 0 2078 58
c456 1 2080 13
c457 1 2082 44
c458 0 2085 28
c459 1 2086 80
c460 0 2090 24
c461 1 2091 36
c462 0 2098 51
c463 0 2100 6
c464 1 2101 27
c465 1 2105 87
c466 1 2106 4
c467 0 2111 27
c468 1 2115 47
c469 1 2116 80
c470 0 2124 7
c471 0 2130 19
c472 0 2134 25
c473 0 2136 79
c474 1 2138 97
c475 0 2140 34
c476 0 2144 18
c477 0 2152 98
c478 1 2152 98
c479 0 2153 73
c480 0 2153 68
c481 1 2161 42
c482 0 2163 13
c483 1 2172 92
c484 0 2176 7
c485 1 2180 44
c486 0 2180 80
c487 1 2186 64
c488 1 2188 99
c489 1 2193 14
c490 0 2193 22
c491 1 2200 83
c492 0 2204 99
c493 0 2209 95
c494 0 2211 40
c495 0 2217 4
c496 1 2223 5
c497 1 2229 72
c498 0 2236 21
c499 0 2239 55
c500 0 2245 69
