c00 1 0 34
c01 1 4 81
c02 0 4 16
c03 0 10 53
c04 0 12 80
c05 1 20 63
c06 0 21 40
c07 0 23 85
c08 0 28 47
c09 1 30 59
c10 1 38 14
c11 1 43 58
c12 0 45 15
c13 0 52 23
c14 1 61 92
c15 0 68 47
c16 1 75 22
c17 1 76 20
c18 0 77 19
c19 0 79 14
c20 0 80 5
c21 0 80 13
c22 1 83 30
c23 1 86 73
c24 1 88 79
c25 1 95 27
c26 0 100 61
c27 0 108 21
c28 1 108 8
c29 0 111 36
c30 1 115 93
c31 1 122 50
c32 1 125 24
c33 1 125 86
c34 0 126 2
c35 1 135 86
c36 1 135 79
c37 0 139 25
c38 1 148 98
c39 1 153 31
c40 0 162 57
c41 0 168 27
c42 1 170 94
c43 1 173 40
c44 1 176 63
c45 0 182 60
c46 0 182 45
c47 1 186 57
c48 0 188 15
c49 1 194 78
c50 0 194 65
c51 1 198 39
c52 1 203 41
c53 0 203 85
c54 1 209 49
c55 0 213 27
c56 0 219 77
c57 0 221 79
c58 0 222 93
c59 1 230 19
c60 1 234 58
c61 0 237 81
c62 0 241 52
c63 1 247 44
c64 1 248 18
c65 0 248 42
c66 1 252 43
c67 1 259 36
c68 1 268 18
c69 1 272 26
c70 0 276 73
c71 1 285 12
c72 0 294 9
c73 1 295 64
c74 0 304 98
c75 1 305 66
c76 0 308 24
c77 0 312 39
c78 1 312 39
c79 1 315 74
c80 0 318 10
c81 0 318 95
c82 1 322 42
c83 1 322 12
c84 0 328 49
c85 1 329 39
c86 1 337 43
c87 0 340 18
c88 1 340 50
c89 1 347 1
c90 0 350 85
c91 1 352 29
c92 1 358 22
c93 0 365 6
c94 0 366 39
c95 0 366 60
c96 1 375 31
c97 0 382 88
c98 0 388 72
c99 0 390 57
c100 0 394 54
c101 1 401 82
c102 1 405 45
c103 0 408 46
c104 1 417 71
c105 0 422 87
c106 0 429 53
c107 0 431 33
c108 1 439 37
c109 1 443 72
c110 1 449 46
c111 1 450 96
c112 0 452 98
c113 0 455 5
c114 0 460 51
c115 1 464 41
c116 1 470 65
c117 1 475 30
c118 0 477 53
c119 1 485 75
c120 0 486 40
c121 1 490 37
c122 0 497 43
c123 0 498 59
c124 0 503 36
c125 1 508 51
c126 1 515 31
c127 1 521 61
c128 0 523 22
c129 1 528 86
c130 1 536 6
c131 1 537 73
c132 0 540 94
c133 1 541 1
c134 0 545 13
c135 0 552 15
c136 0 557 61
c137 1 558 6
c138 1 561 84
c139 0 566 21
c140 1 566 80
c141 1 571 5
c142 0 572 27
c143 1 573 31
c144 1 574 47
c145 1 574 92
c146 1 582 93
c147 0 583 56
c148 1 583 35
c149 0 592 75
c150 0 598 68
c151 0 606 36
c152 1 606 65
c153 0 608 32
c154 0 610 27
c155 0 616 52
c156 1 619 75
c157 1 624 49
c158 1 627 87
c159 0 630 45
c160 1 636 46
c161 1 638 11
c162 0 647 8
c163 1 652 81
c164 1 653 91
c165 1 658 31
c166 0 662 46
c167 0 663 43
c168 0 669 79
c169 0 671 1
c170 1 679 19
c171 0 681 9
c172 1 686 78
c173 1 691 44
c174 0 699 32
c175 0 699 46
c176 1 702 52
c177 1 702 35
c178 0 708 32
c179 1 711 4
c180 0 711 19
c181 1 718 90
c182 1 719 5
c183 0 720 63
c184 0 728 4
c185 0 730 8
c186 1 739 63
c187 0 745 46
c188 0 751 83
c189 1 753 36
c190 1 762 82
c191 1 767 50
c192 0 772 22
c193 0 779 93
c194 1 779 75
c195 1 780 56
c196 0 781 84
c197 1 781 55
c198 0 787 91
c199 1 788 54
c200 0 791 59
c201 1 792 15
c202 0 796 40
c203 0 796 41
c204 0 805 79
c205 0 806 96
c206 1 810 75
c207 0 819 35
c208 0 823 63
c209 0 824 95
c210 0 833 32
c211 1 836 45
c212 1 842 50
c213 1 843 44
c214 0 852 48
c215 0 859 30
c216 0 866 46
c217 0 868 56
c218 0 870 63
c219 1 877 98
c220 1 883 88
c221 0 892 85
c222 1 893 44
c223 1 900 73
c224 1 904 7
c225 1 909 60
c226 0 916 23
c227 0 922 66
c228 1 930 72
c229 1 939 55
c230 0 939 29
c231 0 940 58
c232 1 948 83
c233 0 952 2
c234 1 960 23
c235 1 960 89
c236 1 969 23
c237 0 969 24
c238 0 974 59
c239 0 977 75
c240 0 984 21
c241 0 992 23
c242 0 996 37
c243 0 999 67
c244 1 1004 69
c245 0 1009 69
c246 0 1017 30
c247 1 1025 70
c248 1 1033 95
c249 1 1042 75
c250 0 1047 16
c251 0 1047 80
c252 0 1053 80
c253 1 1056 29
c254 0 1064 28
c255 1 1071 18
c256 0 1075 7
c257 0 1076 77
c258 0 1085 57
c259 1 1093 94
c260 0 1093 10
c261 1 1093 85
c262 1 1101 55
c263 0 1105 48
c264 0 1106 3
c265 0 1108 46
c266 1 1112 36
c267 0 1115 63
c268 1 1116 94
c269 0 1118 20
c270 0 1122 33
c271 0 1129 39
c272 1 1132 61
c273 0 1133 67
c274 0 1136 2
c275 1 1139 99
c276 1 1140 57
c277 1 1140 2
c278 0 1146 34
c279 1 1147 46
c280 1 1151 36
c281 0 1156 54
c282 1 1157 30
c283 1 1159 56
c284 1 1159 34
c285 0 1160 26
c286 1 1169 72
c287 0 1178 29
c288 0 1179 45
c289 0 1180 1
c290 0 1189 48
c291 0 1189 26
c292 1 1198 98
c293 0 1200 53
c294 1 1209 7
c295 1 1215 96
c296 0 1221 40
c297 0 1229 63
c298 1 1234 70
c299 0 1241 91
c300 1 1244 32
c301 0 1249 91
c302 0 1255 34
c303 1 1260 47
c304 0 1266 16
c305 1 1272 19
c306 1 1276 24
c307 0 1283 19
c308 1 1292 22
c309 1 1297 60
c310 1 1301 68
c311 0 1306 10
c312 1 1313 4
c313 1 1321 96
c314 0 1330 85
c315 0 1337 87
c316 0 1343 38
c317 1 1350 38
c318 1 1352 65
c319 0 1354 69
c320 1 1354 19
c321 1 1360 39
c322 0 1362 21
c323 1 1371 81
c324 0 1378 7
c325 1 1378 23
c326 0 1383 28
c327 0 1384 68
c328 1 1393 59
c329 0 1394 81
c330 0 1398 68
c331 1 1405 18
c332 0 1408 68
c333 0 1416 30
c334 1 1417 5
c335 1 1423 40
c336 1 1432 32
c337 0 1439 9
c338 1 1446 76
c339 0 1453 33
c340 0 1457 76
c341 1 1463 60
c342 0 1468 40
c343 0 1471 45
c344 0 1471 50
c345 0 1480 73
c346 0 1482 44
c347 1 1482 21
c348 1 1488 36
c349 1 1493 65
c350 1 1495 6
c351 1 1501 2
c352 0 1505 1
c353 1 1509 57
c354 1 1518 47
c355 1 1521 22
c356 0 1526 74
c357 1 1534 41
c358 0 1539 37
c359 0 1541 73
c360 0 1547 57
c361 1 1548 91
c362 1 1548 45
c363 0 1557 42
c364 1 1561 5
c365 1 1568 19
c366 0 1576 42
c367 0 1580 86
c368 1 1588 24
c369 0 1589 17
c370 1 1592 28
c371 0 1592 10
c372 1 1601 38
c373 0 1604 99
c374 0 1613 64
c375 1 1617 26
c376 1 1621 17
c377 0 1628 9
c378 1 1636 27
c379 1 1645 78
c380 0 1652 47
c381 1 1653 56
c382 0 1659 47
c383 1 1665 19
c384 0 1669 3
c385 1 1672 81
c386 1 1672 25
c387 1 1672 15
c388 0 1678 3
c389 0 1679 42
c390 1 1685 18
c391 1 1692 38
c392 0 1700 77
c393 1 1700 75
c394 1 1701 88
c395 1 1707 46
c396 0 1708 42
c397 0 1709 46
c398 0 1715 54
c399 1 1722 33
c400 1 1722 99
c401 0 1724 83
c402 1 1730 47
c403 1 1732 37
c404 1 1732 94
c405 1 1736 3
c406 0 1736 18
c407 0 1739 5
c408 0 1741 84
c409 1 1742 99
c410 1 1746 15
c411 0 1751 26
c412 0 1755 70
c413 1 1758 39
c414 1 1765 8
c415 1 1774 21
c416 1 1774 82
c417 1 1778 85
c418 0 1787 75
c419 1 1795 81
c420 0 1800 96
c421 1 1808 34
c422 0 1808 48
c423 0 1816 44
c424 0 1823 61
c425 0 1832 65
c426 0 1839 1
c427 0 1842 62
c428 1 1845 94
c429 1 1848 21
c430 0 1852 63
c431 1 1861 17
c432 1 1862 64
c433 0 1865 79
c434 0 1865 13
c435 1 1871 45
c436 0 1875 11
c437 0 1883 13
c438 1 1889 55
c439 1 1897 92
c440 1 1902 49
c441 0 1910 29
c442 1 1918 62
c443 0 1921 20
c444 0 1929 86
c445 0 1937 47
c446 0 1946 48
c447 1 1955 74
c448 0 1955 96
c449 0 1956 25
c450 1 1964 83
c451 1 1968 65
c452 0 1972 80
c453 1 1979 49
c454 0 1987 13
c455 1 1991 68
c456 0 1994 89
c457 1 1997 25
c458 1 2006 3
c459 0 2014 1
c460 0 2017 75
c461 1 2018 93
c462 1 2023 40
c463 1 2029 45
c464 0 2035 22
c465 1 2037 44
c466 1 2046 53
c467 0 2047 48
c468 1 2055 91
c469 1 2055 88
c470 1 2057 99
c471 0 2065 47
c472 1 2070 4
c473 0 2079 30
c474 1 2080 39
c475 0 2087 10
c476 0 2088 98
c477 0 2090 23
c478 1 2092 42
c479 1 2096 97
c480 1 2102 63
c481 0 2102 33
c482 0 2107 4
c483 0 2107 90
c484 1 2113 1
c485 1 2121 70
c486 1 2126 87
c487 0 2128 41
c488 0 2137 88
c489 0 2140 56
c490 1 2141 10
c491 1 2143 11
c492 0 2143 17
c493 1 2152 37
c494 0 2152 91
c495 0 2161 28
c496 1 2164 20
c497 1 2168 66
c498 0 2169 54
c499 0 2169 83
c500 1 2171 47
