c00 0 0 7
c01 1 9 47
c02 1 13 29
c03 0 18 91
c04 0 25 44
c05 1 30 63
c06 0 38 74
c07 0 47 43
c08 0 54 52
c09 0 59 45
c10 0 61 75
c11 1 63 37
c12 1 66 19
c13 1 72 73
c14 0 81 61
c15 0 85 88
c16 0 91 11
c17 0 96 84
c18 0 103 67
c19 0 109 65
c20 1 114 89
c21 0 123 87
c22 0 123 59
c23 1 130 57
c24 1 131 36
c25 0 133 85
c26 0 140 79
c27 0 146 96
c28 0 155 16
c29 0 163 44
c30 0 164 99
c31 0 172 63
c32 1 175 12
c33 1 183 97
c34 1 188 99
c35 1 193 76
c36 0 199 12
c37 0 204 84
c38 0 210 73
c39 0 219 66
c40 0 219 77
c41 0 224 9
c42 0 228 91
c43 1 234 93
c44 1 234 77
c45 1 235 3
c46 1 239 16
c47 0 241 33
c48 1 249 37
c49 1 252 87
c50 0 256 65
c51 0 262 55
c52 1 271 1
c53 0 275 40
c54 1 284 5
c55 0 286 31
c56 0 291 44
c57 0 300 28
c58 0 301 93
c59 0 303 66
c60 1 305 32
c61 0 305 73
c62 0 314 70
c63 0 320 58
c64 0 323 32
c65 0 325 41
c66 1 333 43
c67 1 334 72
c68 0 339 22
c69 0 340 77
c70 0 349 69
c71 0 349 64
c72 1 353 20
c73 1 358 78
c74 0 363 11
c75 0 371 79
c76 1 375 37
c77 1 377 61
c78 1 385 36
c79 1 391 63
c80 1 397 82
c81 1 406 92
c82 1 412 12
c83 1 418 89
c84 1 421 14
c85 0 428 82
c86 1 428 27
c87 0 428 61
c88 1 428 59
c89 1 432 41
c90 1 441 66
c91 1 442 56
c92 0 442 81
c93 1 448 75
c94 1 457 50
c95 0 463 38
c96 1 471 74
c97 0 473 75
c98 0 481 43
c99 0 482 57
c100 1 485 63
c101 0 493 40
c102 1 494 64
c103 0 502 50
c104 1 506 92
c105 1 507 29
c106 0 514 64
c107 1 523 57
c108 0 530 71
c109 0 530 63
c110 0 539 27
c111 1 542 31
c112 1 544 66
c113 0 552 15
c114 0 554 10
c115 1 555 5
c116 1 560 68
c117 1 562 87
c118 1 566 39
c119 0 566 23
c120 0 572 71
c121 0 576 42
c122 1 580 35
c123 1 588 6
c124 1 596 13
c125 1 601 9
c126 0 605 88
c127 0 612 35
c128 1 613 35
c129 1 620 65
c130 1 629 76
c131 1 632 56
c132 0 634 86
c133 1 643 62
c134 1 652 19
c135 0 661 2
c136 0 666 93
c137 0 668 57
c138 1 672 75
c139 1 674 59
c140 0 683 9
c141 1 684 37
c142 0 688 26
c143 1 695 80
c144 0 702 94
c145 0 707 7
c146 1 707 19
c147 1 716 57
c148 0 722 66
c149 0 731 73
c150 1 732 89
c151 1 735 62
c152 1 737 4
c153 0 744 59
c154 0 749 35
c155 1 752 47
c156 1 752 49
c157 1 752 33
c158 0 761 6
c159 1 761 67
c160 1 769 25
c161 0 776 23
c162 1 781 77
c163 0 790 35
c164 0 794 1
c165 1 801 61
c166 1 802 98
c167 0 811 89
c168 0 819 91
c169 1 819 30
c170 0 826 89
c171 1 828 89
c172 0 830 17
c173 0 835 71
c174 0 835 53
c175 1 840 77
c176 0 844 6
c177 0 847 5
c178 1 850 95
c179 1 854 88
c180 0 858 58
c181 0 858 52
c182 0 864 41
c183 0 870 66
c184 0 871 44
c185 1 871 45
c186 0 879 46
c187 1 885 55
c188 1 888 39
c189 0 892 22
c190 1 897 53
c191 1 898 41
c192 1 898 43
c193 0 898 97
c194 1 906 90
c195 1 913 59
c196 1 913 47
c197 0 914 83
c198 1 919 61
c199 0 925 34
c200 0 932 42
c201 0 940 84
c202 0 949 29
c203 0 949 64
c204 1 950 18
c205 1 956 99
c206 0 957 88
c207 0 966 40
c208 1 967 63
c209 0 970 21
c210 0 975 13
c211 1 981 13
c212 1 981 92
c213 1 985 73
c214 1 993 97
c215 1 1000 88
c216 0 1001 75
c217 1 1006 13
c218 1 1013 85
c219 1 1022 11
c220 1 1029 7
c221 0 1033 67
c222 0 1042 63
c223 1 1051 60
c224 1 1055 9
c225 1 1062 86
c226 0 1071 49
c227 1 1080 97
c228 0 1089 97
c229 1 1090 7
c230 1 1098 47
c231 1 1102 9
c232 0 1106 22
c233 0 1113 34
c234 0 1115 56
c235 0 1118 9
c236 1 1119 59
c237 0 1123 53
c238 0 1128 77
c239 0 1135 78
c240 0 1143 41
c241 0 1145 84
c242 1 1154 36
c243 0 1156 48
c244 0 1156 50
c245 0 1164 37
c246 0 1168 79
c247 1 1176 30
c248 1 1181 19
c249 0 1186 19
c250 0 1187 74
c251 0 1191 92
c252 1 1195 12
c253 1 1200 13
c254 1 1202 32
c255 1 1207 17
c256 0 1207 74
c257 1 1210 7
c258 0 1212 39
c259 1 1219 26
c260 1 1220 92
c261 1 1224 62
c262 0 1226 59
c263 1 1230 40
c264 0 1230 34
c265 1 1235 32
c266 1 1235 17
c267 0 1241 13
c268 1 1241 64
c269 1 1244 3
c270 0 1244 50
c271 0 1250 35
c272 0 1259 64
c273 0 1262 33
c274 1 1263 13
c275 0 1272 33
c276 1 1277 75
c277 0 1278 71
c278 1 1286 37
c279 1 1295 54
c280 1 1295 46
c281 0 1302 23
c282 0 1303 63
c283 1 1309 48
c284 1 1313 38
c285 0 1320 77
c286 1 1327 10
c287 0 1329 88
c288 1 1331 83
c289 1 1334 16
c290 0 1340 30
c291 1 1348 80
c292 0 1357 87
c293 1 1363 55
c294 1 1366 78
c295 1 1373 49
c296 0 1379 4
c297 1 1380 53
c298 1 1384 74
c299 0 1391 50
c300 1 1400 80
c301 0 1402 39
c302 0 1411 87
c303 1 1413 30
c304 0 1419 67
c305 0 1420 1
c306 0 1429 79
c307 1 1429 14
c308 0 1429 52
c309 1 1437 49
c310 0 1442 46
c311 1 1448 38
c312 1 1451 44
c313 1 1457 52
c314 1 1465 23
c315 0 1472 43
c316 1 1472 36
c317 1 1475 68
c318 0 1477 20
c319 1 1480 40
c320 0 1488 50
c321 1 1492 80
c322 1 1492 99
c323 0 1496 53
c324 0 1496 99
c325 1 1505 72
c326 1 1511 77
c327 0 1519 63
c328 1 1523 18
c329 1 1532 24
c330 0 1537 25
c331 0 1538 62
c332 1 1545 32
c333 0 1550 35
c334 1 1554 22
c335 1 1563 98
c336 1 1572 53
c337 1 1573 63
c338 1 1580 25
c339 0 1589 92
c340 0 1593 12
c341 1 1600 54
c342 1 1602 19
c343 1 1604 93
c344 0 1606 97
c345 0 1610 54
c346 0 1615 22
c347 0 1621 10
c348 0 1627 30
c349 1 1634 92
c350 1 1640 41
c351 1 1647 82
c352 0 1648 49
c353 0 1656 18
c354 1 1661 51
c355 1 1666 38
c356 0 1673 26
c357 0 1682 91
c358 0 1682 10
c359 1 1688 75
c360 0 1692 28
c361 0 1700 95
c362 0 1708 74
c363 1 1711 52
c364 1 1717 89
c365 1 1724 78
c366 0 1724 75
c367 0 1733 46
c368 1 1734 90
c369 0 1740 43
c370 1 1749 41
c371 0 1752 68
c372 0 1754 50
c373 0 1754 23
c374 0 1754 8
c375 0 1756 81
c376 1 1758 32
c377 0 1766 82
c378 0 1769 39
c379 0 1772 88
c380 1 1777 77
c381 0 1780 67
c382 0 1789 45
c383 0 1797 30
c384 1 1805 50
c385 0 1806 74
c386 1 1811 28
c387 0 1817 68
c388 0 1821 89
c389 0 1827 90
c390 1 1830 11
c391 1 1839 50
c392 0 1847 69
c393 0 1854 79
c394 1 1858 19
c395 0 1864 56
c396 0 1873 26
c397 1 1878 78
c398 0 1881 74
c399 0 1881 35
c400 0 1888 83
c401 0 1892 37
c402 0 1892 26
c403 1 1892 94
c404 0 1892 47
c405 1 1893 61
c406 1 1902 24
c407 0 1906 82
c408 1 1910 34
c409 1 1910 4
c410 1 1918 68
c411 1 1920 30
c412 1 1928 30
c413 1 1928 83
c414 0 1937 19
c415 0 1941 70
c416 0 1948 17
c417 1 1949 72
c418 0 1954 34
c419 0 1957 67
c420 0 1964 88
c421 1 1971 63
c422 1 1977 52
c423 0 1984 96
c424 1 1989 29
c425 1 1998 66
c426 1 2004 87
c427 0 2006 83
c428 1 2011 74
c429 0 2019 41
c430 0 2026 90
c431 1 2026 11
c432 0 2035 72
c433 0 2038 76
c434 1 2047 14
c435 1 2052 21
c436 0 2057 82
c437 0 2062 60
c438 0 2065 39
c439 1 2069 2
c440 0 2075 54
c441 0 2078 93
c442 1 2085 23
c443 0 2093 2
c444 0 2095 42
c445 1 2102 18
c446 1 2111 44
c447 1 2118 44
c448 1 2120 51
c449 1 2127 96
c450 0 2127 26
c451 0 2131 45
c452 0 2137 35
c453 1 2137 22
c454 1 2140 65
c455 0 2146 39
c456 1 2149 71
c457 1 2153 13
c458 0 2158 64
c459 0 2162 79
c460 0 2164 50
c461 1 2173 8
c462 1 2174 33
c463 0 2179 53
c464 1 2185 71
c465 0 2187 66
c466 1 2195 24
c467 0 2196 62
c468 1 2199 6
c469 0 2202 46
c470 1 2209 29
c471 0 2211 76
c472 1 2214 29
c473 1 2214 60
c474 1 2221 91
c475 0 2221 41
c476 0 2225 41
c477 1 2229 72
c478 1 2238 48
c479 1 2245 24
c480 1 2245 43
c481 1 2248 34
c482 0 2253 62
c483 1 2256 31
c484 0 2258 92
c485 1 2266 75
c486 0 2267 70
c487 0 2269 52
c488 1 2275 83
c489 0 2275 68
c490 0 2280 4
c491 0 2284 9
c492 0 2286 91
c493 0 2287 41
c494 1 2289 20
c495 0 2290 98
c496 0 2291 9
c497 1 2293 14
c498 0 2301 91
c499 0 2308 62
c500 0 2317 46
