c00 1 0 85
c01 1 5 98
c02 0 5 42
c03 0 6 39
c04 0 12 76
c05 0 15 83
c06 1 17 80
c07 0 22 32
c08 0 22 89
c09 1 30 86
c10 1 37 87
c11 0 40 85
c12 0 47 83
c13 0 56 44
c14 1 60 14
c15 1 65 50
c16 1 71 26
c17 0 74 31
c18 1 79 58
c19 0 80 75
c20 0 80 15
c21 1 89 58
c22 1 98 22
c23 1 101 53
c24 0 107 88
c25 1 114 31
c26 1 119 86
c27 0 119 52
c28 0 119 55
c29 0 124 89
c30 1 125 51
c31 1 129 42
c32 1 133 15
c33 1 142 12
c34 0 151 30
c35 1 153 87
c36 0 159 49
c37 1 162 46
c38 0 167 50
c39 1 174 57
c40 0 180 97
c41 1 186 49
c42 1 187 19
c43 1 187 62
c44 1 194 19
c45 1 203 47
c46 0 210 17
c47 1 219 97
c48 0 227 67
c49 0 231 55
c50 1 231 35
c51 1 236 23
c52 1 241 26
c53 1 242 58
c54 0 249 81
c55 0 256 6
c56 0 261 50
c57 1 263 47
c58 0 271 97
c59 1 275 53
c60 1 282 2
c61 1 283 37
c62 0 284 8
c63 0 284 81
c64 0 284 31
c65 1 287 37
c66 0 296 81
c67 1 304 77
c68 1 308 25
c69 0 317 18
c70 0 324 97
c71 0 331 65
c72 1 335 92
c73 0 335 57
c74 0 343 86
c75 1 346 74
c76 0 347 96
c77 1 354 28
c78 0 358 4
c79 1 366 28
c80 1 369 5
c81 1 377 82
c82 0 385 83
c83 0 387 83
c84 0 388 73
c85 1 389 96
c86 0 396 80
c87 0 397 33
c88 0 399 43
c89 0 399 75
c90 0 408 24
c91 1 408 74
c92 1 410 33
c93 1 411 29
c94 1 420 23
c95 1 425 22
c96 1 429 44
c97 0 429 49
c98 1 430 45
c99 1 435 46
c100 0 438 5
c101 1 446 19
c102 0 453 29
c103 0 453 75
c104 0 460 65
c105 1 468 24
c106 1 476 84
c107 0 481 65
c108 0 489 55
c109 1 494 11
c110 1 500 10
c111 1 508 46
c112 1 511 69
c113 1 514 48
c114 1 520 46
c115 1 521 73
c116 0 530 28
c117 0 537 88
c118 1 546 90
c119 1 550 2
c120 1 553 50
c121 0 560 13
c122 0 567 34
c123 1 571 45
c124 1 573 52
c125 0 580 49
c126 1 581 86
c127 1 588 98
c128 1 593 37
c129 1 600 18
c130 0 603 75
c131 0 610 79
c132 0 617 16
c133 1 618 54
c134 1 624 36
c135 1 625 85
c136 0 627 69
c137 1 631 77
c138 1 636 54
c139 0 644 84
c140 0 644 50
c141 0 645 80
c142 1 651 10
c143 0 658 85
c144 0 661 70
c145 0 666 62
c146 0 670 8
c147 1 678 30
c148 0 679 35
c149 1 688 70
c150 0 693 37
c151 0 699 27
c152 1 706 80
c153 1 706 74
c154 1 709 33
c155 0 711 14
c156 0 714 54
c157 0 718 78
c158 0 726 17
c159 1 734 10
c160 1 736 87
c161 1 740 12
c162 1 749 17
c163 0 754 66
c164 1 760 68
c165 1 760 25
c166 1 766 15
c167 0 768 6
c168 0 775 44
c169 0 781 55
c170 0 789 9
c171 1 794 34
c172 1 798 38
c173 0 798 96
c174 0 800 9
c175 0 802 11
c176 0 804 50
c177 0 809 58
c178 1 814 7
c179 1 815 41
c180 1 823 82
c181 0 823 11
c182 0 826 92
c183 1 832 56
c184 1 836 42
c185 1 842 51
c186 0 846 81
c187 0 855 63
c188 0 864 89
c189 0 872 25
c190 1 880 50
c191 1 883 43
c192 0 889 16
c193 1 893 14
c194 0 895 40
c195 1 899 44
c196 0 904 44
c197 0 908 41
c198 0 912 54
c199 1 917 71
c200 1 923 98
c201 0 930 56
c202 1 930 79
c203 1 937 29
c204 1 940 84
c205 1 949 14
c206 0 950 35
c207 0 954 60
c208 1 954 36
c209 1 959 65
c210 1 963 96
c211 0 967 85
c212 1 972 20
c213 1 978 89
c214 0 987 88
c215 0 988 74
c216 0 992 23
c217 1 996 19
c218 1 1001 97
c219 0 1001 89
c220 1 1010 52
c221 1 1013 88
c222 0 1017 55
c223 0 1026 21
c224 1 1035 96
c225 1 1044 58
c226 1 1049 73
c227 0 1057 2
c228 0 1058 51
c229 0 1060 76
c230 0 1069 9
c231 0 1077 33
c232 1 1085 10
c233 0 1091 29
c234 1 1095 39
c235 1 1096 8
c236 1 1105 12
c237 0 1113 67
c238 1 1115 24
c239 1 1119 96
c240 0 1127 80
c241 1 1136 95
c242 0 1143 49
c243 1 1144 62
c244 1 1150 21
c245 0 1157 23
c246 0 1160 26
c247 0 1160 4
c248 1 1161 5
c249 1 1164 77
c250 0 1166 46
c251 1 1175 67
c252 0 1179 82
c253 1 1188 98
c254 0 1189 91
c255 1 1198 13
c256 0 1207 8
c257 1 1214 95
c258 1 1219 26
c259 1 1227 92
c260 0 1234 46
c261 1 1237 17
c262 0 1239 69
c263 1 1240 99
c264 0 1247 20
c265 1 1247 82
c266 1 1254 14
c267 1 1259 88
c268 0 1266 62
c269 1 1266 1
c270 0 1271 17
c271 0 1275 14
c272 1 1283 69
c273 0 1285 55
c274 0 1290 61
c275 1 1292 47
c276 0 1300 17
c277 1 1305 68
c278 1 1308 23
c279 1 1313 94
c280 0 1321 75
c281 0 1321 38
c282 1 1323 2
c283 1 1328 68
c284 0 1332 61
c285 1 1340 73
c286 0 1349 10
c287 0 1352 69
c288 1 1360 99
c289 1 1367 62
c290 1 1373 35
c291 1 1377 22
c292 1 1380 33
c293 0 1385 62
c294 1 1387 21
c295 0 1389 47
c296 1 1389 71
c297 0 1391 71
c298 1 1397 60
c299 0 1402 90
c300 0 1402 56
c301 0 1406 23
c302 0 1411 25
c303 1 1416 96
c304 1 1419 10
c305 0 1428 12
c306 0 1430 94
c307 0 1434 72
c308 0 1436 60
c309 0 1445 82
c310 1 1454 24
c311 1 1454 79
c312 0 1460 49
c313 0 1461 33
c314 1 1466 15
c315 0 1467 30
c316 1 1473 17
c317 0 1480 93
c318 1 1486 33
c319 1 1488 45
c320 0 1493 43
c321 0 1498 49
c322 1 1499 4
c323 1 1508 27
c324 1 1513 81
c325 1 1516 90
c326 0 1518 69
c327 0 1524 27
c328 1 1532 31
c329 0 1533 42
c330 0 1538 7
c331 1 1539 45
c332 1 1547 69
c333 1 1552 59
c334 1 1561 71
c335 0 1561 51
c336 1 1566 62
c337 1 1569 82
c338 1 1573 82
c339 1 1582 41
c340 0 1583 35
c341 0 1584 58
c342 1 1584 24
c343 1 1590 25
c344 1 1591 61
c345 0 1591 76
c346 1 1592 48
c347 1 1592 81
c348 0 1594 63
c349 1 1599 43
c350 0 1603 78
c351 0 1611 39
c352 1 1612 51
c353 1 1620 96
c354 1 1627 23
c355 0 1630 81
c356 1 1631 77
c357 1 1638 75
c358 1 1639 24
c359 0 1645 49
c360 1 1645 16
c361 1 1654 42
c362 1 1663 81
c363 0 1670 85
c364 1 1674 50
c365 1 1679 61
c366 0 1686 67
c367 1 1695 77
c368 0 1704 67
c369 1 1707 75
c370 0 1714 47
c371 1 1723 71
c372 0 1723 41
c373 0 1725 22
c374 0 1728 53
c375 0 1729 3
c376 0 1729 67
c377 0 1734 14
c378 0 1741 89
c379 0 1747 85
c380 1 1751 8
c381 1 1756 13
c382 0 1760 19
c383 0 1764 14
c384 0 1772 53
c385 1 1775 67
c386 0 1775 73
c387 0 1778 83
c388 0 1778 56
c389 1 1782 82
c390 1 1787 19
c391 1 1789 95
c392 0 1792 5
c393 0 1793 10
c394 0 1801 25
c395 0 1809 86
c396 0 1810 10
c397 1 1817 5
c398 0 1822 53
c399 1 1824 58
c400 1 1830 79
c401 1 1836 56
c402 1 1837 16
c403 1 1841 20
c404 0 1843 22
c405 1 1844 47
c406 1 1848 30
c407 1 1854 92
c408 0 1862 84
c409 1 1862 84
c410 1 1864 19
c411 0 1873 94
c412 0 1873 64
c413 1 1875 89
c414 0 1881 38
c415 1 1883 60
c416 1 1884 18
c417 0 1888 65
c418 1 1891 78
c419 1 1900 65
c420 0 1909 76
c421 0 1913 90
c422 0 1914 35
c423 0 1920 50
c424 0 1925 67
c425 1 1930 57
c426 0 1938 64
c427 0 1938 36
c428 1 1940 53
c429 1 1940 30
c430 1 1941 14
c431 0 1943 30
c432 1 1947 37
c433 0 1953 99
c434 1 1962 29
c435 0 1968 11
c436 0 1973 14
c437 1 1976 50
c438 1 1984 87
c439 0 1990 71
c440 1 1992 3
c441 0 2001 81
c442 0 2003 6
c443 0 2011 60
c444 1 2016 12
c445 0 2019 74
c446 1 2026 17
c447 0 2029 81
c448 0 2033 14
c449 0 2036 31
c450 1 2037 98
c451 0 2038 81
c452 0 2042 90
c453 0 2050 71
c454 0 2051 92
c455 0 2052 84
c456 1 2052 97
c457 1 2054 22
c458 1 2059 36
c459 1 2068 79
c460 1 2068 47
c461 0 2077 18
c462 1 2081 68
c463 0 2085 24
c464 0 2086 99
c465 0 2092 54
c466 1 2094 80
c467 0 2095 31
c468 1 2098 65
c469 1 2105 14
c470 0 2113 41
c471 1 2115 15
c472 0 2115 90
c473 1 2117 71
c474 0 2122 97
c475 1 2123 92
c476 0 2123 23
c477 1 2129 5
c478 1 2135 27
c479 1 2138 51
c480 0 2140 26
c481 1 2143 31
c482 0 2143 30
c483 1 2143 6
c484 1 2151 74
c485 0 2154 75
c486 1 2157 78
c487 0 2165 95
c488 1 2172 65
c489 0 2174 27
c490 0 2180 93
c491 0 2188 14
c492 0 2191 35
c493 0 2195 74
c494 1 2198 94
c495 1 2205 19
c496 1 2214 78
c497 0 2220 11
c498 1 2227 33
c499 1 2235 93
c500 0 2235 66
