c00 1 0 13
c01 1 0 38
c02 1 1 48
c03 1 4 63
c04 1 12 80
c05 0 16 99
c06 1 18 28
c07 1 20 17
c08 0 22 56
c09 0 28 57
c10 0 32 2
c11 0 37 14
c12 0 46 15
c13 1 53 2
c14 1 60 94
c15 0 63 24
c16 1 65 49
c17 0 74 34
c18 0 75 87
c19 1 76 99
c20 0 84 56
c21 0 86 30
c22 0 90 68
c23 1 92 47
c24 1 97 67
c25 1 104 66
c26 1 107 20
c27 1 107 5
c28 0 111 14
c29 1 120 25
c30 0 121 9
c31 1 121 7
c32 0 121 89
c33 1 121 49
c34 1 125 10
c35 1 133 21
c36 0 134 44
c37 0 139 73
c38 0 145 81
c39 1 147 95
c40 1 147 86
c41 1 155 45
c42 1 158 11
c43 1 164 81
c44 0 170 79
c45 1 178 87
c46 1 179 91
c47 0 180 10
c48 0 181 6
c49 0 181 41
c50 0 190 23
c51 1 198 2
c52 1 199 12
c53 1 202 87
c54 1 209 53
c55 1 216 70
c56 0 220 65
c57 0 229 50
c58 1 236 80
c59 1 241 8
c60 0 247 25
c61 0 251 38
c62 0 253 73
c63 0 255 95
c64 0 262 20
c65 1 268 18
c66 0 276 91
c67 1 280 39
c68 1 281 2
c69 1 282 75
c70 1 283 86
c71 1 286 34
c72 0 294 71
c73 0 298 42
c74 1 303 99
c75 0 310 86
c76 0 316 83
c77 0 325 37
c78 1 331 39
c79 0 337 43
c80 1 337 36
c81 0 340 29
c82 0 343 50
c83 0 350 50
c84 1 358 59
c85 1 360 24
c86 1 363 95
c87 0 365 94
c88 0 371 77
c89 0 376 79
c90 1 385 88
c91 0 391 15
c92 0 398 25
c93 0 398 14
c94 1 407 31
c95 0 410 44
c96 1 418 88
c97 0 420 19
c98 0 426 56
c99 1 431 6
c100 1 438 62
c101 0 440 79
c102 0 443 96
c103 0 451 11
c104 1 460 24
c105 1 465 93
c106 1 473 74
c107 1 480 20
c108 1 484 17
c109 0 488 45
c110 1 497 34
c111 0 502 5
c112 1 503 41
c113 0 511 43
c114 0 518 4
c115 0 519 21
c116 1 519 80
c117 1 527 6
c118 0 534 30
c119 0 538 39
c120 0 539 9
c121 1 548 70
c122 1 553 72
c123 0 562 98
c124 0 568 47
c125 0 573 12
c126 1 576 73
c127 0 578 71
c128 0 585 79
c129 0 593 81
c130 1 602 89
c131 1 610 91
c132 0 617 99
c133 0 624 21
c134 1 624 89
c135 1 630 16
c136 1 634 85
c137 0 642 41
c138 1 642 28
c139 1 646 48
c140 1 646 58
c141 1 651 2
c142 0 660 92
c143 0 662 5
c144 0 669 28
c145 0 678 26
c146 0 681 1
c147 0 690 81
c148 1 690 99
c149 1 691 80
c150 1 697 12
c151 1 706 67
c152 0 714 62
c153 1 723 66
c154 1 726 89
c155 0 733 40
c156 1 737 32
c157 1 742 34
c158 1 745 15
c159 0 751 73
c160 1 756 75
c161 0 759 7
c162 0 768 40
c163 1 771 11
c164 0 773 81
c165 0 779 1
c166 1 788 40
c167 1 795 89
c168 1 801 3
c169 0 803 20
c170 0 812 56
c171 0 815 32
c172 1 823 2
c173 0 830 11
c174 0 831 72
c175 1 835 63
c176 1 837 74
c177 1 838 13
c178 1 842 39
c179 1 845 94
c180 1 845 81
c181 0 851 58
c182 0 859 91
c183 0 865 18
c184 1 870 33
c185 1 877 59
c186 0 880 37
c187 1 887 52
c188 1 891 52
c189 0 898 10
c190 0 906 49
c191 0 906 62
c192 1 912 86
c193 0 915 87
c194 0 918 47
c195 1 923 34
c196 1 929 77
c197 1 932 68
c198 0 933 59
c199 1 937 15
c200 0 943 5
c201 0 947 63
c202 0 953 38
c203 1 960 64
c204 0 964 3
c205 1 968 9
c206 1 974 97
c207 0 980 16
c208 0 982 56
c209 1 983 98
c210 1 988 27
c211 1 988 81
c212 0 989 27
c213 0 996 40
c214 0 996 73
c215 1 1005 21
c216 0 1009 5
c217 1 1016 38
c218 1 1024 3
c219 0 1026 14
c220 0 1032 91
c221 1 1038 24
c222 0 1038 46
c223 0 1044 26
c224 0 1046 12
c225 1 1054 3
c226 1 1063 36
c227 0 1065 74
c228 1 1070 90
c229 1 1077 33
c230 0 1077 13
c231 1 1084 23
c232 0 1092 71
c233 0 1093 62
c234 0 1097 14
c235 0 1106 12
c236 0 1109 98
c237 1 1116 25
c238 1 1125 68
c239 0 1130 16
c240 0 1130 59
c241 0 1137 45
c242 0 1144 57
c243 1 1150 18
c244 1 1156 48
c245 0 1165 87
c246 0 1172 66
c247 0 1181 45
c248 1 1185 89
c249 1 1191 47
c250 1 1192 55
c251 0 1200 75
c252 1 1205 56
c253 0 1214 81
c254 0 1220 66
c255 0 1221 40
c256 0 1223 82
c257 1 1228 58
c258 0 1236 96
c259 0 1237 86
c260 0 1245 19
c261 1 1251 95
c262 0 1256 45
c263 0 1264 93
c264 1 1265 99
c265 1 1271 26
c266 0 1275 19
c267 0 1282 46
c268 1 1288 28
c269 0 1297 14
c270 1 1298 61
c271 1 1305 33
c272 1 1309 74
c273 0 1318 4
c274 0 1327 69
c275 0 1330 15
c276 0 1339 89
c277 0 1346 53
c278 1 1352 60
c279 0 1360 76
c280 0 1366 14
c281 0 1367 47
c282 0 1370 89
c283 1 1377 52
c284 1 1382 40
c285 1 1387 78
c286 0 1395 48
c287 1 1395 56
c288 0 1400 59
c289 0 1405 22
c290 1 1409 1
c291 0 1418 34
c292 0 1425 20
c293 1 1431 43
c294 0 1431 58
c295 0 1432 92
c296 1 1440 3
c297 0 1449 24
c298 0 1457 52
c299 0 1464 45
c300 0 1473 72
c301 1 1476 70
c302 1 1479 58
c303 0 1483 98
c304 0 1488 36
c305 1 1492 68
c306 0 1495 75
c307 1 1504 8
c308 1 1505 52
c309 0 1509 93
c310 1 1517 20
c311 0 1517 46
c312 1 1520 39
c313 1 1524 27
c314 1 1524 19
c315 1 1529 26
c316 1 1534 11
c317 0 1534 24
c318 0 1542 10
c319 1 1551 89
c320 1 1557 63
c321 1 1557 73
c322 0 1560 87
c323 1 1564 76
c324 1 1573 81
c325 0 1574 76
c326 1 1576 14
c327 0 1583 40
c328 0 1591 10
c329 1 1599 90
c330 1 1600 81
c331 1 1602 94
c332 1 1608 18
c333 0 1608 5
c334 1 1615 41
c335 1 1620 28
c336 0 1629 52
c337 0 1635 62
c338 1 1635 84
c339 0 1635 66
c340 1 1636 86
c341 0 1636 4
c342 0 1642 1
c343 0 1643 90
c344 1 1652 79
c345 1 1659 93
c346 1 1666 33
c347 1 1675 36
c348 0 1682 45
c349 1 1687 96
c350 1 1687 87
c351 1 1688 44
c352 1 1697 94
c353 0 1706 55
c354 1 1712 18
c355 1 1718 16
c356 1 1726 92
c357 0 1731 90
c358 0 1737 61
c359 0 1743 56
c360 0 1747 51
c361 1 1750 4
c362 0 1754 42
c363 1 1754 51
c364 1 1756 29
c365 1 1757 13
c366 0 1758 34
c367 0 1763 50
c368 0 1766 95
c369 0 1766 34
c370 1 1775 16
c371 0 1781 66
c372 1 1788 95
c373 1 1795 44
c374 1 1795 37
c375 0 1800 73
c376 1 1808 75
c377 0 1814 17
c378 0 1814 64
c379 0 1820 80
c380 0 1828 1
c381 1 1828 18
c382 1 1831 36
c383 1 1832 36
c384 1 1835 38
c385 0 1836 52
c386 0 1840 78
c387 0 1846 5
c388 0 1855 89
c389 1 1855 22
c390 0 1863 10
c391 1 1868 5
c392 1 1872 27
c393 1 1881 49
c394 0 1889 74
c395 1 1890 97
c396 1 1892 66
c397 1 1899 96
c398 0 1904 37
c399 1 1908 73
c400 1 1917 13
c401 1 1920 97
c402 0 1920 77
c403 0 1921 80
c404 0 1923 15
c405 0 1929 46
c406 1 1938 92
c407 0 1938 2
c408 0 1947 99
c409 1 1952 66
c410 0 1959 1
c411 1 1963 45
c412 1 1972 83
c413 0 1977 54
c414 1 1981 72
c415 1 1990 48
c416 1 1992 51
c417 0 1996 18
c418 1 2001 59
c419 0 2001 81
c420 0 2003 53
c421 0 2004 88
c422 0 2004 34
c423 1 2013 39
c424 1 2013 37
c425 1 2016 57
c426 0 2017 52
c427 0 2025 18
c428 0 2027 86
c429 1 2028 30
c430 1 2028 46
c431 1 2037 1
c432 1 2043 25
c433 1 2046 41
c434 1 2055 84
c435 0 2059 73
c436 1 2066 64
c437 1 2075 78
c438 1 2079 7
c439 0 2081 96
c440 1 2086 78
c441 1 2089 54
c442 1 2096 6
c443 0 2103 35
c444 0 2110 46
c445 0 2113 42
c446 0 2115 32
c447 0 2120 98
c448 0 2121 63
c449 0 2122 57
c450 1 2125 89
c451 1 2126 17
c452 1 2134 42
c453 1 2141 31
c454 1 2142 91
c455 1 2148 2
c456 0 2148 68
c457 1 2151 45
c458 0 2160 68
c459 0 2165 18
c460 1 2171 17
c461 1 2175 78
c462 1 2181 20
c463 0 2184 11
c464 0 2185 99
c465 0 2189 25
c466 1 2191 27
c467 1 2192 63
c468 0 2193 65
c469 1 2196 57
c470 1 2202 41
c471 1 2211 8
c472 0 2217 22
c473 1 2220 49
c474 0 2224 34
c475 1 2229 48
c476 0 2236 65
c477 1 2243 44
c478 0 2251 31
c479 0 2256 95
c480 1 2257 86
c481 0 2265 21
c482 1 2271 82
c483 0 2273 26
c484 0 2280 24
c485 0 2286 66
c486 1 2286 29
c487 0 2295 8
c488 1 2301 57
c489 0 2303 49
c490 1 2311 80
c491 0 2320 89
c492 1 2326 8
c493 1 2327 29
c494 1 2331 24
c495 0 2331 67
c496 1 2340 30
c497 0 2347 43
c498 1 2350 3
c499 1 2357 36
c500 0 2364 96
