c00 0 0 66
c01 0 4 76
c02 0 12 45
c03 1 18 25
c04 0 18 47
c05 0 27 21
c06 0 30 93
c07 0 36 61
c08 0 39 96
c09 1 46 3
c10 1 54 56
c11 1 55 72
c12 1 55 34
c13 0 62 85
c14 0 65 39
c15 0 70 35
c16 0 76 93
c17 0 81 60
c18 1 89 6
c19 0 96 62
c20 0 100 93
c21 0 100 18
c22 0 102 69
c23 0 104 87
c24 1 107 93
c25 0 116 60
c26 1 119 14
c27 0 127 97
c28 1 128 94
c29 1 135 13
c30 0 141 12
c31 1 150 84
c32 0 150 98
c33 1 153 62
c34 0 161 78
c35 1 167 75
c36 0 174 72
c37 0 176 4
c38 0 184 70
c39 0 192 19
c40 0 199 17
c41 1 205 42
c42 0 214 32
c43 0 216 62
c44 0 219 83
c45 1 228 15
c46 0 229 68
c47 0 232 72
c48 0 236 94
c49 0 244 34
c50 0 253 35
c51 0 259 50
c52 1 265 1
c53 1 273 61
c54 0 280 38
c55 1 280 88
c56 1 281 10
c57 0 287 43
c58 1 291 79
c59 1 293 95
c60 0 298 3
c61 0 298 56
c62 1 305 69
c63 1 310 10
c64 1 310 66
c65 1 312 39
c66 1 317 80
c67 0 323 38
c68 0 326 67
c69 0 334 54
c70 1 339 35
c71 0 348 39
c72 0 353 18
c73 1 362 68
c74 1 363 12
c75 1 370 21
c76 0 371 8
c77 1 371 92
c78 0 376 23
c79 0 380 44
c80 1 381 47
c81 1 389 43
c82 1 394 94
c83 0 398 18
c84 1 398 11
c85 1 400 77
c86 0 407 11
c87 1 414 3
c88 1 419 96
c89 0 426 20
c90 0 433 69
c91 0 438 21
c92 0 439 79
c93 1 444 53
c94 0 447 27
c95 1 452 67
c96 1 453 65
c97 0 457 51
c98 0 463 46
c99 1 464 67
c100 1 472 58
c101 1 480 8
c102 1 483 59
c103 0 491 60
c104 0 495 70
c105 0 500 26
c106 1 503 98
c107 1 510 85
c108 1 512 39
c109 0 521 10
c110 0 524 68
c111 1 530 46
c112 0 537 71
c113 0 544 78
c114 0 549 99
c115 0 551 54
c116 1 554 92
c117 0 557 61
c118 1 566 28
c119 1 571 82
c120 0 573 24
c121 0 574 76
c122 0 582 40
c123 1 587 57
c124 0 595 81
c125 1 601 21
c126 0 608 55
c127 1 616 24
c128 0 624 94
c129 0 624 44
c130 0 633 24
c131 1 641 5
c132 0 645 28
c133 0 650 93
c134 0 659 82
c135 0 663 64
c136 1 670 36
c137 0 671 21
c138 1 676 94
c139 1 678 67
c140 1 682 4
c141 0 688 66
c142 0 691 16
c143 0 691 99
c144 1 692 46
c145 1 701 81
c146 1 710 91
c147 0 718 34
c148 0 726 35
c149 1 727 45
c150 1 728 96
c151 1 729 80
c152 1 731 14
c153 0 740 52
c154 1 748 12
c155 0 748 46
c156 1 748 79
c157 1 752 7
c158 0 753 27
c159 1 754 98
c160 0 758 24
c161 0 765 71
c162 0 772 58
c163 0 775 33
c164 0 782 10
c165 1 787 4
c166 1 794 49
c167 0 799 92
c168 0 802 61
c169 1 805 10
c170 0 813 45
c171 1 820 26
c172 0 829 11
c173 1 829 35
c174 0 837 39
c175 0 837 54
c176 1 845 29
c177 0 853 61
c178 1 859 37
c179 0 864 13
c180 1 871 36
c181 1 877 79
c182 1 885 42
c183 0 885 11
c184 1 893 70
c185 1 895 56
c186 0 902 62
c187 1 905 26
c188 1 905 61
c189 1 907 53
c190 0 909 91
c191 0 917 67
c192 1 921 89
c193 0 927 40
c194 0 931 55
c195 1 935 63
c196 1 939 48
c197 1 946 91
c198 0 947 78
c199 1 951 28
c200 0 959 36
c201 1 968 31
c202 0 977 81
c203 1 984 76
c204 0 989 65
c205 1 992 56
c206 0 997 71
c207 0 998 17
c208 1 1001 31
c209 1 1006 79
c210 1 1010 56
c211 1 1018 55
c212 0 1020 47
c213 1 1023 6
c214 0 1023 13
c215 0 1024 34
c216 0 1024 27
c217 0 1030 26
c218 1 1035 37
c219 0 1038 27
c220 1 1042 40
c221 1 1050 72
c222 0 1056 26
c223 1 1059 33
c224 1 1060 86
c225 1 1068 39
c226 1 1077 86
c227 0 1077 74
c228 1 1080 41
c229 1 1087 3
c230 1 1088 55
c231 0 1095 9
c232 0 1100 73
c233 1 1109 1
c234 0 1110 19
c235 0 1113 77
c236 0 1114 49
c237 0 1122 73
c238 0 1126 56
c239 1 1135 44
c240 0 1141 86
c241 0 1148 36
c242 0 1152 2
c243 1 1161 58
c244 1 1169 32
c245 0 1169 31
c246 1 1172 64
c247 0 1178 96
c248 0 1185 12
c249 0 1188 93
c250 0 1188 60
c251 1 1188 20
c252 1 1195 49
c253 1 1197 54
c254 0 1198 31
c255 1 1198 73
c256 1 1202 95
c257 0 1204 70
c258 1 1209 65
c259 1 1217 5
c260 1 1226 15
c261 1 1235 64
c262 0 1239 2
c263 1 1242 50
c264 1 1243 95
c265 1 1246 41
c266 0 1254 38
c267 0 1254 60
c268 1 1259 8
c269 0 1259 56
c270 0 1265 24
c271 0 1269 94
c272 0 1270 1
c273 0 1273 15
c274 1 1278 44
c275 1 1283 44
c276 1 1284 93
c277 0 1286 24
c278 0 1291 41
c279 0 1293 64
c280 1 1302 76
c281 0 1309 50
c282 1 1316 81
c283 1 1319 23
c284 1 1320 21
c285 1 1322 38
c286 1 1330 85
c287 0 1339 39
c288 1 1346 94
c289 0 1346 34
c290 1 1350 96
c291 0 1354 93
c292 0 1363 86
c293 0 1372 37
c294 0 1375 21
c295 1 1378 83
c296 1 1378 59
c297 1 1387 45
c298 0 1390 63
c299 1 1396 2
c300 1 1400 68
c301 0 1400 72
c302 0 1407 9
c303 1 1414 50
c304 1 1414 37
c305 1 1420 89
c306 0 1421 82
c307 1 1422 39
c308 0 1423 45
c309 1 1432 8
c310 0 1438 74
c311 0 1442 20
c312 1 1442 85
c313 1 1448 28
c314 1 1454 95
c315 0 1463 43
c316 0 1472 41
c317 0 1476 10
c318 0 1477 63
c319 0 1486 59
c320 0 1495 7
c321 1 1498 99
c322 1 1500 13
c323 0 1504 67
c324 0 1506 69
c325 0 1507 82
c326 1 1511 82
c327 1 1516 36
c328 1 1520 23
c329 0 1522 40
c330 1 1531 39
c331 1 1540 34
c332 0 1548 68
c333 0 1554 54
c334 1 1559 51
c335 1 1565 84
c336 1 1566 65
c337 1 1575 74
c338 1 1575 45
c339 0 1584 85
c340 1 1589 81
c341 1 1595 98
c342 1 1599 22
c343 1 1605 97
c344 0 1611 64
c345 1 1617 18
c346 0 1618 92
c347 0 1621 53
c348 0 1624 56
c349 0 1632 13
c350 1 1632 30
c351 0 1639 41
c352 0 1647 15
c353 1 1655 62
c354 0 1657 89
c355 0 1665 7
c356 1 1668 6
c357 0 1674 6
c358 0 1676 39
c359 0 1678 4
c360 0 1687 9
c361 0 1691 98
c362 1 1699 66
c363 1 1702 13
c364 1 1710 4
c365 0 1716 40
c366 0 1720 33
c367 0 1727 40
c368 1 1732 21
c369 1 1735 85
c370 1 1735 5
c371 1 1741 18
c372 0 1749 85
c373 1 1753 17
c374 1 1753 88
c375 1 1757 59
c376 0 1762 53
c377 1 1764 38
c378 0 1773 89
c379 0 1782 34
c380 0 1783 14
c381 0 1792 3
c382 0 1797 96
c383 0 1800 1
c384 1 1802 86
c385 0 1802 97
c386 1 1809 3
c387 1 1817 79
c388 1 1825 41
c389 0 1832 36
c390 1 1832 62
c391 1 1841 26
c392 0 1850 93
c393 1 1852 43
c394 1 1853 42
c395 1 1861 37
c396 1 1868 21
c397 1 1868 26
c398 1 1872 13
c399 1 1878 34
c400 1 1881 10
c401 1 1887 5
c402 1 1896 85
c403 0 1905 19
c404 0 1913 4
c405 1 1920 61
c406 1 1924 37
c407 0 1924 28
c408 1 1928 90
c409 1 1928 22
c410 0 1929 21
c411 1 1931 52
c412 0 1935 34
c413 0 1944 82
c414 0 1946 97
c415 1 1951 21
c416 1 1954 18
c417 0 1962 32
c418 1 1970 7
c419 1 1973 69
c420 0 1973 48
c421 0 1982 37
c422 0 1989 48
c423 1 1995 95
c424 1 1998 49
c425 1 1998 48
c426 1 2002 20
c427 0 2007 64
c428 1 2016 55
c429 1 2022 10
c430 0 2022 90
c431 0 2024 33
c432 0 2032 24
c433 0 2036 42
c434 0 2042 95
c435 0 2043 31
c436 0 2045 15
c437 0 2053 35
c438 0 2055 69
c439 1 2059 28
c440 1 2064 76
c441 0 2067 20
c442 0 2071 15
c443 1 2074 86
c444 0 2079 41
c445 1 2080 59
c446 1 2083 8
c447 1 2083 10
c448 0 2089 77
c449 0 2098 6
c450 0 2099 42
c451 0 2105 19
c452 1 2107 35
c453 0 2109 5
c454 0 2114 53
c455 0 2121 60
c456 0 2127 12
c457 1 2127 89
c458 0 2133 48
c459 1 2136 97
c460 0 2136 48
c461 1 2138 77
c462 1 2141 71
c463 0 2141 65
c464 1 2141 23
c465 1 2145 94
c466 0 2151 93
c467 0 2154 20
c468 0 2155 33
c469 1 2159 76
c470 0 2165 56
c471 0 2173 41
c472 0 2179 64
c473 0 2181 10
c474 0 2185 28
c475 0 2192 97
c476 0 2194 82
c477 1 2199 44
c478 1 2208 96
c479 0 2208 61
c480 1 2212 92
c481 0 2220 45
c482 0 2224 74
c483 0 2231 92
c484 0 2233 59
c485 0 2235 53
c486 0 2241 38
c487 1 2249 47
c488 0 2250 73
c489 1 2256 39
c490 0 2257 81
c491 0 2259 87
c492 0 2265 1
c493 0 2265 51
c494 1 2273 51
c495 0 2282 34
c496 0 2291 41
c497 0 2293 74
c498 1 2301 40
c499 1 2306 89
c500 1 2314 42
