c00 1 0 77
c01 1 7 60
c02 0 7 31
c03 0 9 43
c04 1 9 3
c05 0 15 60
c06 0 23 96
c07 0 30 85
c08 0 31 44
c09 1 36 45
c10 0 43 64
c11 1 45 69
c12 0 53 3
c13 1 58 24
c14 1 66 96
c15 0 68 9
c16 1 68 43
c17 0 77 80
c18 1 83 57
c19 1 92 92
c20 1 95 63
c21 1 99 20
c22 0 99 85
c23 1 103 43
c24 1 104 81
c25 0 106 43
c26 1 115 87
c27 0 119 43
c28 0 121 96
c29 0 129 27
c30 1 138 67
c31 1 139 14
c32 0 145 25
c33 1 152 6
c34 0 153 58
c35 0 159 69
c36 1 160 41
c37 0 164 69
c38 0 166 81
c39 1 169 42
c40 0 176 81
c41 1 183 39
c42 1 192 74
c43 1 194 79
c44 1 199 89
c45 1 207 10
c46 0 213 33
c47 0 214 91
c48 0 214 43
c49 0 223 58
c50 1 232 69
c51 0 240 90
c52 1 241 93
c53 0 244 70
c54 0 249 68
c55 1 254 54
c56 1 263 61
c57 0 269 84
c58 1 276 8
c59 1 282 9
c60 1 285 49
c61 0 288 90
c62 0 292 74
c63 1 295 67
c64 0 295 96
c65 1 303 25
c66 0 308 41
c67 0 308 80
c68 1 315 8
c69 0 324 11
c70 1 325 86
c71 1 328 1
c72 1 334 45
c73 0 335 93
c74 1 338 31
c75 1 339 74
c76 1 343 91
c77 0 343 59
c78 0 344 46
c79 1 353 63
c80 0 362 38
c81 1 371 75
c82 1 372 67
c83 1 372 71
c84 0 377 44
c85 0 383 89
c86 0 383 55
c87 1 390 19
c88 1 398 27
c89 0 404 2
c90 1 404 97
c91 1 407 65
c92 0 414 51
c93 0 421 77
c94 0 430 15
c95 1 436 7
c96 0 438 33
c97 1 447 32
c98 1 452 49
c99 1 455 80
c100 1 457 28
c101 0 459 7
c102 1 468 6
c103 0 470 7
c104 0 478 43
c105 0 484 85
c106 0 484 2
c107 0 484 19
c108 0 491 48
c109 1 495 64
c110 1 496 21
c111 0 499 18
c112 0 506 10
c113 0 515 63
c114 1 515 6
c115 0 524 66
c116 0 530 79
c117 1 534 55
c118 0 540 51
c119 1 547 62
c120 0 547 54
c121 0 554 22
c122 1 555 67
c123 1 555 68
c124 0 556 51
c125 1 560 84
c126 1 562 23
c127 0 565 54
c128 0 568 96
c129 1 574 51
c130 1 580 37
c131 0 589 11
c132 0 598 45
c133 0 600 35
c134 0 602 63
c135 0 609 68
c136 1 614 32
c137 1 621 83
c138 0 623 81
c139 1 623 39
c140 0 624 74
c141 0 628 95
c142 0 635 87
c143 0 636 63
c144 0 643 30
c145 1 652 89
c146 1 661 29
c147 1 661 65
c148 0 667 87
c149 0 673 3
c150 0 675 97
c151 0 684 50
c152 0 684 11
c153 1 686 8
c154 0 689 69
c155 1 694 18
c156 1 696 7
c157 1 699 13
c158 0 708 66
c159 0 713 89
c160 1 722 22
c161 0 728 22
c162 1 731 2
c163 0 740 62
c164 1 745 16
c165 0 751 76
c166 0 754 73
c167 0 754 70
c168 0 754 94
c169 0 762 92
c170 0 769 83
c171 0 769 67
c172 1 772 19
c173 1 779 89
c174 1 781 41
c175 1 785 57
c176 1 789 74
c177 1 798 37
c178 0 804 29
c179 1 807 68
c180 0 809 36
c181 1 813 51
c182 0 818 90
c183 0 820 92
c184 1 827 95
c185 0 831 43
c186 1 837 31
c187 1 837 80
c188 0 845 69
c189 0 847 78
c190 0 853 69
c191 0 857 11
c192 0 858 47
c193 1 860 98
c194 0 866 45
c195 1 866 58
c196 0 866 55
c197 0 870 80
c198 1 875 99
c199 0 878 40
c200 0 885 7
c201 0 887 65
c202 0 893 71
c203 1 898 23
c204 1 899 99
c205 0 908 6
c206 0 912 46
c207 1 916 8
c208 1 921 22
c209 0 923 48
c210 0 930 18
c211 0 938 20
c212 0 941 58
c213 0 950 19
c214 1 951 55
c215 1 958 44
c216 0 964 83
c217 0 969 21
c218 1 977 58
c219 0 983 97
c220 0 984 69
c221 0 993 11
c222 1 993 14
c223 0 1002 80
c224 0 1010 34
c225 0 1018 23
c226 0 1026 82
c227 0 1032 77
c228 1 1038 10
c229 0 1045 1
c230 1 1045 5
c231 1 1050 10
c232 1 1058 76
c233 0 1062 1
c234 0 1066 99
c235 0 1067 4
c236 0 1070 95
c237 0 1078 72
c238 0 1079 41
c239 1 1086 43
c240 1 1092 34
c241 1 1100 9
c242 0 1103 91
c243 0 1105 52
c244 0 1111 71
c245 1 1111 7
c246 1 1114 18
c247 1 1116 45
c248 1 1122 77
c249 1 1123 98
c250 0 1126 15
c251 1 1134 46
c252 0 1143 2
c253 0 1146 52
c254 0 1152 31
c255 0 1154 13
c256 1 1154 83
c257 0 1160 56
c258 1 1164 8
c259 1 1167 55
c260 0 1169 32
c261 0 1172 76
c262 1 1174 18
c263 0 1183 95
c264 0 1188 58
c265 0 1194 18
c266 1 1198 41
c267 1 1207 15
c268 1 1215 87
c269 1 1216 9
c270 0 1225 65
c271 0 1232 22
c272 0 1238 13
c273 0 1244 20
c274 0 1253 10
c275 0 1262 51
c276 1 1265 29
c277 0 1268 14
c278 0 1270 56
c279 1 1273 67
c280 1 1277 9
c281 0 1278 3
c282 0 1282 29
c283 0 1282 88
c284 1 1285 17
c285 1 1285 68
c286 0 1292 60
c287 1 1296 55
c288 1 1300 10
c289 0 1307 43
c290 0 1316 43
c291 0 1322 99
c292 1 1330 96
c293 1 1338 83
c294 1 1343 5
c295 1 1351 7
c296 0 1360 18
c297 1 1362 30
c298 1 1367 22
c299 0 1373 90
c300 0 1380 35
c301 0 1388 39
c302 1 1396 15
c303 1 1399 54
c304 1 1403 44
c305 1 1408 38
c306 0 1414 94
c307 0 1415 81
c308 1 1421 72
c309 1 1423 8
c310 0 1423 13
c311 0 1426 42
c312 1 1430 54
c313 0 1435 1
c314 0 1435 48
c315 1 1436 52
c316 1 1445 75
c317 1 1446 10
c318 0 1454 23
c319 1 1454 54
c320 0 1458 29
c321 0 1463 15
c322 0 1470 19
c323 0 1475 71
c324 1 1479 84
c325 1 1485 42
c326 1 1492 94
c327 0 1498 9
c328 1 1502 27
c329 1 1510 90
c330 1 1511 39
c331 1 1518 59
c332 0 1527 26
c333 1 1532 12
c334 1 1532 72
c335 1 1540 96
c336 1 1546 45
c337 0 1546 19
c338 0 1547 8
c339 1 1553 99
c340 0 1560 38
c341 0 1567 33
c342 1 1571 88
c343 1 1572 61
c344 0 1579 26
c345 1 1580 11
c346 1 1588 64
c347 0 1590 98
c348 0 1591 83
c349 0 1598 33
c350 1 1605 64
c351 0 1607 72
c352 1 1615 22
c353 1 1618 79
c354 1 1624 5
c355 0 1626 22
c356 0 1635 58
c357 1 1644 84
c358 0 1645 47
c359 1 1650 91
c360 1 1650 42
c361 1 1651 72
c362 0 1656 58
c363 1 1657 32
c364 1 1664 6
c365 1 1664 30
c366 1 1665 36
c367 1 1672 3
c368 1 1679 76
c369 1 1681 81
c370 0 1681 15
c371 1 1682 78
c372 0 1684 63
c373 0 1690 80
c374 0 1691 11
c375 1 1698 42
c376 0 1698 40
c377 1 1698 98
c378 1 1706 11
c379 1 1711 63
c380 1 1712 18
c381 0 1714 29
c382 1 1716 80
c383 0 1722 86
c384 1 1722 86
c385 1 1722 40
c386 1 1729 4
c387 1 1738 12
c388 0 1746 97
c389 0 1751 42
c390 0 1758 80
c391 1 1758 44
c392 0 1761 28
c393 0 1764 61
c394 0 1766 94
c395 0 1772 29
c396 1 1775 45
c397 0 1776 39
c398 0 1782 29
c399 0 1791 27
c400 0 1793 25
c401 0 1800 72
c402 0 1800 62
c403 1 1807 42
c404 0 1815 65
c405 1 1821 97
c406 0 1829 98
c407 0 1835 95
c408 0 1839 89
c409 0 1847 28
c410 0 1848 12
c411 1 1849 44
c412 1 1858 49
c413 1 1864 44
c414 1 1871 97
c415 0 1878 63
c416 1 1886 14
c417 1 1888 60
c418 0 1889 48
c419 0 1898 95
c420 0 1901 63
c421 0 1903 14
c422 0 1906 12
c423 0 1908 57
c424 0 1915 83
c425 0 1920 40
c426 0 1926 47
c427 1 1931 76
c428 0 1940 51
c429 0 1946 95
c430 0 1953 52
c431 1 1959 67
c432 0 1960 44
c433 0 1961 19
c434 1 1968 34
c435 1 1973 70
c436 1 1974 80
c437 1 1982 67
c438 0 1984 66
c439 0 1991 66
c440 0 1996 54
c441 1 2005 69
c442 1 2013 21
c443 0 2022 53
c444 1 2027 11
c445 0 2033 15
c446 1 2040 42
c447 1 2049 7
c448 0 2055 29
c449 0 2061 96
c450 0 2066 80
c451 1 2073 74
c452 1 2076 5
c453 1 2085 39
c454 0 2092 24
c455 0 2101 28
c456 1 2103 12
c457 0 2106 87
c458 1 2110 7
c459 0 2112 92
c460 0 2112 53
c461 0 2115 74
c462 0 2117 76
c463 0 2122 87
c464 0 2122 82
c465 0 2128 33
c466 1 2130 85
c467 0 2138 39
c468 0 2138 53
c469 0 2146 25
c470 0 2155 52
c471 1 2163 9
c472 0 2170 45
c473 1 2171 62
c474 0 2179 63
c475 0 2181 66
c476 0 2182 32
c477 0 2190 21
c478 0 2198 26
c479 0 2198 76
c480 0 2199 19
c481 1 2202 18
c482 1 2204 13
c483 1 2212 48
c484 0 2213 81
c485 1 2216 24
c486 1 2217 96
c487 0 2223 29
c488 1 2226 89
c489 0 2231 53
c490 1 2239 5
c491 0 2239 49
c492 0 2247 37
c493 1 2250 64
c494 0 2254 90
c495 0 2257 81
c496 0 2259 66
c497 1 2260 87
c498 0 2260 81
c499 0 2260 63
c500 1 2263 17
