c00 1 0 91
c01 1 8 32
c02 0 10 15
c03 0 11 42
c04 0 17 12
c05 0 26 65
c06 0 26 39
c07 1 34 56
c08 1 42 23
c09 0 47 51
c10 1 51 33
c11 1 52 76
c12 0 53 43
c13 0 62 18
c14 1 64 85
c15 0 65 66
c16 1 73 96
c17 0 81 44
c18 1 89 89
c19 1 92 53
c20 0 94 54
c21 1 101 18
c22 1 110 60
c23 1 116 28
c24 1 117 78
c25 1 126 16
c26 1 130 8
c27 1 136 87
c28 1 142 78
c29 0 147 17
c30 0 152 75
c31 1 156 3
c32 0 161 53
c33 0 168 5
c34 0 169 69
c35 0 178 4
c36 0 184 39
c37 1 191 14
c38 0 197 40
c39 1 201 85
c40 1 202 53
c41 0 202 46
c42 0 211 60
c43 1 217 45
c44 0 226 94
c45 1 235 31
c46 0 238 40
c47 0 247 43
c48 0 255 69
c49 1 255 10
c50 0 255 73
c51 1 255 83
c52 0 256 27
c53 1 264 75
c54 1 266 43
c55 1 271 46
c56 1 277 7
c57 0 281 30
c58 0 289 28
c59 1 295 81
c60 1 299 66
c61 1 302 66
c62 0 308 64
c63 0 310 22
c64 1 319 33
c65 1 327 48
c66 0 333 6
c67 0 334 91
c68 1 338 93
c69 0 342 41
c70 0 343 52
c71 1 349 36
c72 0 355 30
c73 1 358 66
c74 1 366 13
c75 0 370 40
c76 1 372 2
c77 1 376 74
c78 1 380 25
c79 1 387 44
c80 1 389 14
c81 1 397 46
c82 0 403 41
c83 1 405 95
c84 1 406 73
c85 1 413 43
c86 1 421 77
c87 1 425 44
c88 0 433 99
c89 0 439 22
c90 0 440 57
c91 0 448 67
c92 0 452 70
c93 1 453 15
c94 1 460 51
c95 0 464 64
c96 1 464 32
c97 0 465 9
c98 1 469 34
c99 1 473 46
c100 1 476 21
c101 1 479 78
c102 1 480 91
c103 1 483 88
c104 1 488 17
c105 1 492 17
c106 0 493 95
c107 0 501 54
c108 1 502 16
c109 1 504 98
c110 1 508 64
c111 0 517 96
c112 1 523 45
c113 0 525 3
c114 0 533 51
c115 0 534 48
c116 1 542 46
c117 0 542 69
c118 1 543 68
c119 0 551 14
c120 0 555 90
c121 1 564 69
c122 1 570 84
c123 1 577 91
c124 1 577 75
c125 0 583 41
c126 0 583 17
c127 0 589 22
c128 0 590 22
c129 0 597 53
c130 1 600 99
c131 0 608 71
c132 1 614 49
c133 0 620 30
c134 1 626 67
c135 0 635 36
c136 0 637 50
c137 1 638 90
c138 1 647 98
c139 0 655 81
c140 1 656 15
c141 0 657 35
c142 1 662 68
c143 0 664 92
c144 0 667 9
c145 1 674 48
c146 1 674 42
c147 1 676 5
c148 1 684 1
c149 0 689 13
c150 1 690 5
c151 0 692 42
c152 1 697 31
c153 0 700 58
c154 0 704 14
c155 0 713 99
c156 1 713 77
c157 1 721 89
c158 1 728 82
c159 0 728 68
c160 0 729 18
c161 1 733 79
c162 1 738 55
c163 0 738 95
c164 1 746 92
c165 0 750 31
c166 1 757 79
c167 0 766 20
c168 0 766 35
c169 0 770 52
c170 0 773 34
c171 1 773 84
c172 0 779 91
c173 1 783 80
c174 0 788 5
c175 1 791 83
c176 0 793 86
c177 1 795 30
c178 0 795 1
c179 0 800 40
c180 1 809 49
c181 0 814 89
c182 1 818 22
c183 0 827 91
c184 0 832 75
c185 0 833 87
c186 1 837 81
c187 0 846 47
c188 0 849 60
c189 0 857 18
c190 1 857 8
c191 1 866 81
c192 1 868 89
c193 1 869 1
c194 1 871 20
c195 0 875 29
c196 0 879 59
c197 1 883 9
c198 1 890 32
c199 0 890 62
c200 0 896 81
c201 1 904 44
c202 1 911 26
c203 1 912 5
c204 1 915 87
c205 1 922 5
c206 1 931 91
c207 0 934 95
c208 1 939 76
c209 0 939 21
c210 0 939 88
c211 0 943 56
c212 1 943 55
c213 1 946 15
c214 1 946 26
c215 0 955 92
c216 0 961 78
c217 1 963 55
c218 1 965 9
c219 1 965 35
c220 1 965 21
c221 1 974 59
c222 0 979 76
c223 0 983 9
c224 1 988 94
c225 1 993 48
c226 1 993 73
c227 1 999 48
c228 0 1002 50
c229 0 1003 56
c230 1 1011 30
c231 0 1013 92
c232 1 1013 92
c233 1 1018 74
c234 1 1019 1
c235 1 1021 56
c236 0 1028 34
c237 1 1029 48
c238 1 1033 49
c239 0 1041 20
c240 0 1043 75
c241 1 1050 41
c242 0 1056 8
c243 0 1061 63
c244 0 1063 36
c245 1 1070 96
c246 1 1078 59
c247 1 1079 98
c248 1 1079 20
c249 0 1083 10
c250 0 1086 48
c251 1 1087 53
c252 1 1092 98
c253 0 1096 77
c254 0 1102 71
c255 0 1110 93
c256 0 1119 32
c257 0 1125 43
c258 1 1127 17
c259 0 1136 28
c260 1 1136 65
c261 1 1140 1
c262 0 1149 87
c263 0 1153 92
c264 0 1156 26
c265 1 1163 14
c266 0 1170 27
c267 0 1176 77
c268 1 1184 74
c269 0 1190 69
c270 1 1193 36
c271 1 1198 55
c272 0 1206 9
c273 0 1212 33
c274 1 1218 5
c275 0 1220 67
c276 1 1228 65
c277 1 1237 14
c278 1 1242 61
c279 0 1246 69
c280 1 1248 76
c281 1 1250 5
c282 0 1254 33
c283 1 1262 50
c284 1 1265 34
c285 1 1268 76
c286 0 1273 28
c287 1 1274 48
c288 0 1275 97
c289 0 1282 33
c290 0 1285 83
c291 0 1290 37
c292 1 1292 47
c293 1 1294 11
c294 0 1303 70
c295 1 1306 63
c296 0 1311 51
c297 1 1314 52
c298 0 1320 1
c299 0 1320 43
c300 1 1328 3
c301 1 1334 66
c302 0 1339 72
c303 1 1340 39
c304 0 1346 51
c305 0 1349 77
c306 1 1353 2
c307 1 1358 82
c308 0 1366 11
c309 0 1374 26
c310 0 1379 15
c311 1 1381 16
c312 1 1387 10
c313 1 1393 75
c314 0 1395 87
c315 1 1398 52
c316 0 1406 83
c317 1 1407 17
c318 1 1416 22
c319 0 1418 87
c320 1 1420 64
c321 1 1428 79
c322 1 1437 8
c323 0 1441 86
c324 1 1444 5
c325 1 1447 58
c326 1 1452 37
c327 1 1457 27
c328 1 1461 36
c329 0 1464 37
c330 1 1469 12
c331 1 1471 21
c332 1 1480 47
c333 1 1485 52
c334 1 1486 40
c335 0 1491 89
c336 1 1500 79
c337 1 1505 22
c338 1 1510 56
c339 1 1515 2
c340 0 1517 16
c341 1 1525 2
c342 0 1534 67
c343 0 1540 83
c344 0 1548 73
c345 0 1549 52
c346 1 1556 14
c347 1 1564 88
c348 0 1566 74
c349 0 1568 29
c350 1 1573 36
c351 0 1581 12
c352 1 1582 71
c353 1 1587 62
c354 0 1596 58
c355 1 1597 94
c356 0 1603 4
c357 0 1612 11
c358 0 1616 95
c359 0 1621 7
c360 0 1623 91
c361 0 1627 92
c362 0 1630 65
c363 1 1630 4
c364 1 1632 99
c365 1 1634 20
c366 1 1636 15
c367 1 1636 16
c368 0 1637 92
c369 0 1645 80
c370 1 1650 9
c371 1 1658 81
c372 0 1662 84
c373 1 1670 33
c374 0 1678 59
c375 0 1683 69
c376 0 1683 83
c377 0 1685 71
c378 0 1691 22
c379 1 1699 17
c380 1 1707 96
c381 1 1708 36
c382 1 1708 12
c383 0 1712 87
c384 1 1717 72
c385 0 1726 9
c386 1 1734 49
c387 1 1741 42
c388 0 1745 96
c389 1 1746 52
c390 0 1749 37
c391 0 1756 32
c392 0 1759 84
c393 0 1763 45
c394 0 1769 24
c395 1 1774 80
c396 1 1774 8
c397 0 1783 47
c398 0 1789 31
c399 0 1794 28
c400 1 1797 78
c401 0 1804 79
c402 1 1808 34
c403 0 1815 82
c404 1 1818 30
c405 1 1823 52
c406 1 1829 10
c407 1 1836 36
c408 1 1836 96
c409 1 1840 8
c410 0 1841 98
c411 1 1845 1
c412 1 1846 43
c413 1 1846 68
c414 0 1854 17
c415 0 1855 52
c416 0 1859 85
c417 1 1865 15
c418 1 1874 23
c419 1 1876 36
c420 1 1876 76
c421 0 1885 75
c422 0 1893 54
c423 0 1901 18
c424 1 1910 85
c425 0 1919 76
c426 1 1926 22
c427 1 1932 71
c428 1 1936 39
c429 1 1944 33
c430 1 1945 55
c431 0 1953 81
c432 1 1953 85
c433 1 1960 33
c434 1 1960 83
c435 1 1969 56
c436 0 1973 92
c437 0 1977 67
c438 1 1986 75
c439 0 1993 60
c440 1 1997 56
c441 1 2006 47
c442 0 2012 13
c443 0 2016 21
c444 0 2020 38
c445 0 2023 5
c446 0 2026 2
c447 1 2026 55
c448 0 2026 70
c449 0 2035 75
c450 0 2039 4
c451 0 2041 38
c452 1 2050 68
c453 1 2055 18
c454 1 2064 85
c455 0 2068 37
c456 1 2072 72
c457 0 2072 6
c458 0 2073 46
c459 0 2080 25
c460 1 2080 92
c461 1 2085 76
c462 0 2094 21
c463 1 2096 75
c464 1 2101 58
c465 1 2105 40
c466 1 2107 52
c467 0 2108 98
c468 0 2117 5
c469 1 2126 1
c470 1 2130 75
c471 0 2133 34
c472 0 2133 81
c473 1 2137 91
c474 1 2140 48
c475 1 2148 45
c476 0 2153 23
c477 1 2153 28
c478 0 2162 96
c479 1 2163 42
c480 1 2169 17
c481 1 2178 74
c482 1 2187 62
c483 0 2192 71
c484 0 2198 20
c485 1 2204 53
c486 1 2206 95
c487 0 2212 95
c488 0 2212 7
c489 1 2219 78
c490 1 2219 36
c491 0 2224 24
c492 0 2224 19
c493 1 2229 87
c494 1 2237 1
c495 0 2244 24
c496 1 2253 17
c497 1 2254 10
c498 0 2258 29
c499 1 2260 44
c500 0 2262 32
