c00 0 0 90
c01 0 9 96
c02 1 18 35
c03 0 19 83
c04 0 24 4
c05 0 26 82
c06 1 27 65
c07 1 29 8
c08 1 36 56
c09 1 43 69
c10 0 46 23
c11 0 54 78
c12 1 54 72
c13 0 55 42
c14 0 61 8
c15 1 65 81
c16 1 65 26
c17 0 65 53
c18 1 72 69
c19 0 80 25
c20 1 80 59
c21 1 87 86
c22 0 88 52
c23 1 95 99
c24 0 102 6
c25 0 106 40
c26 0 114 62
c27 1 115 83
c28 0 118 96
c29 1 125 59
c30 1 130 90
c31 0 138 80
c32 0 138 24
c33 1 138 77
c34 0 140 97
c35 1 147 48
c36 1 148 50
c37 1 152 52
c38 1 153 18
c39 1 158 28
c40 1 166 42
c41 1 171 42
c42 0 178 26
c43 1 187 64
c44 1 187 56
c45 1 192 6
c46 1 197 35
c47 1 200 80
c48 1 208 96
c49 0 214 57
c50 0 220 8
c51 0 220 34
c52 1 226 92
c53 0 226 68
c54 1 227 8
c55 1 232 23
c56 1 232 24
c57 0 232 54
c58 0 232 59
c59 0 237 43
c60 1 240 75
c61 1 244 6
c62 0 250 21
c63 0 252 3
c64 0 257 68
c65 1 260 24
c66 1 269 19
c67 1 277 98
c68 0 286 78
c69 1 294 60
c70 1 299 48
c71 1 299 31
c72 1 307 53
c73 1 312 2
c74 1 319 58
c75 1 323 79
c76 1 324 10
c77 1 332 27
c78 1 336 73
c79 0 338 35
c80 0 347 81
c81 1 350 83
c82 0 357 55
c83 1 366 47
c84 0 368 25
c85 0 373 34
c86 1 379 44
c87 1 385 3
c88 1 388 55
c89 1 397 85
c90 1 398 52
c91 0 403 12
c92 0 407 96
c93 0 412 59
c94 0 414 37
c95 1 423 79
c96 1 424 58
c97 1 431 61
c98 0 438 25
c99 1 438 63
c100 0 446 85
c101 1 454 42
c102 0 460 43
c103 1 460 25
c104 0 466 33
c105 0 472 3
c106 0 479 76
c107 0 483 16
c108 1 485 38
c109 0 486 27
c110 1 495 15
c111 1 496 61
c112 0 501 63
c113 1 506 5
c114 1 507 9
c115 1 511 96
c116 0 511 88
c117 1 517 85
c118 1 521 16
c119 1 525 17
c120 0 528 69
c121 0 533 27
c122 1 542 86
c123 0 549 27
c124 0 556 99
c125 1 562 19
c126 1 562 76
c127 1 571 85
c128 1 571 55
c129 1 577 82
c130 1 577 97
c131 0 586 25
c132 0 595 96
c133 1 595 54
c134 1 600 91
c135 0 601 57
c136 1 610 51
c137 0 614 71
c138 0 619 42
c139 0 624 72
c140 0 633 81
c141 1 639 1
c142 1 646 1
c143 1 647 31
c144 1 651 88
c145 0 660 8
c146 1 667 62
c147 1 668 9
c148 0 672 24
c149 0 679 94
c150 0 688 35
c151 1 690 3
c152 0 699 41
c153 0 703 22
c154 1 703 42
c155 1 710 19
c156 0 710 13
c157 0 714 62
c158 1 720 69
c159 0 726 44
c160 0 733 35
c161 0 740 54
c162 1 745 96
c163 1 752 82
c164 1 759 62
c165 1 762 13
c166 1 770 86
c167 0 772 40
c168 0 772 75
c169 1 774 55
c170 0 783 56
c171 1 785 62
c172 0 788 35
c173 0 791 98
c174 0 795 63
c175 0 799 49
c176 1 801 39
c177 1 803 60
c178 1 808 69
c179 1 814 65
c180 0 819 57
c181 1 822 46
c182 0 826 7
c183 1 828 74
c184 1 830 25
c185 1 834 85
c186 0 838 61
c187 1 840 26
c188 1 845 43
c189 0 851 34
c190 1 851 64
c191 0 857 22
c192 0 861 73
c193 1 870 65
c194 1 876 5
c195 0 880 45
c196 0 887 14
c197 0 893 49
c198 0 894 69
c199 1 898 26
c200 0 900 28
c201 0 904 82
c202 0 911 58
c203 0 914 7
c204 0 922 2
c205 0 930 94
c206 1 937 28
c207 1 942 33
c208 0 944 43
c209 0 949 3
c210 0 953 31
c211 0 953 26
c212 0 962 14
c213 1 964 14
c214 1 971 7
c215 1 978 15
c216 1 980 36
c217 0 981 74
c218 1 988 98
c219 0 994 54
c220 0 1002 69
c221 0 1007 5
c222 0 1008 58
c223 1 1013 61
c224 0 1013 2
c225 0 1018 25
c226 0 1025 34
c227 0 1029 70
c228 1 1029 44
c229 1 1035 28
c230 1 1037 31
c231 0 1039 91
c232 1 1046 57
c233 0 1054 81
c234 0 1055 62
c235 1 1058 23
c236 0 1058 53
c237 0 1060 70
c238 0 1065 18
c239 1 1073 6
c240 1 1077 6
c241 0 1078 55
c242 1 1082 56
c243 1 1088 33
c244 1 1097 87
c245 1 1100 52
c246 0 1103 69
c247 1 1112 76
c248 1 1117 39
c249 0 1119 25
c250 1 1122 72
c251 0 1128 75
c252 1 1128 84
c253 0 1130 88
c254 1 1139 84
c255 0 1145 68
c256 1 1152 87
c257 1 1156 85
c258 1 1157 89
c259 0 1161 40
c260 0 1161 45
c261 1 1162 53
c262 1 1163 31
c263 0 1169 65
c264 0 1171 94
c265 1 1171 40
c266 1 1171 81
c267 1 1176 53
c268 1 1178 34
c269 1 1180 91
c270 1 1183 89
c271 0 1186 26
c272 0 1194 6
c273 0 1199 39
c274 1 1200 80
c275 1 1200 88
c276 0 1203 8
c277 0 1204 43
c278 1 1213 4
c279 1 1217 32
c280 1 1225 55
c281 0 1226 77
c282 1 1234 18
c283 1 1238 30
c284 0 1247 95
c285 0 1256 17
c286 1 1259 46
c287 0 1268 6
c288 1 1269 9
c289 0 1274 41
c290 0 1281 28
c291 0 1289 5
c292 1 1291 69
c293 1 1299 43
c294 0 1301 29
c295 1 1302 20
c296 1 1303 24
c297 0 1310 47
c298 1 1317 84
c299 1 1326 65
c300 1 1332 35
c301 1 1341 48
c302 0 1341 2
c303 1 1344 13
c304 1 1351 49
c305 1 1358 72
c306 1 1367 83
c307 0 1373 36
c308 0 1380 88
c309 1 1386 15
c310 1 1386 62
c311 0 1390 32
c312 1 1393 43
c313 0 1399 58
c314 1 1407 70
c315 1 1407 33
c316 1 1415 55
c317 0 1419 77
c318 1 1424 31
c319 0 1432 22
c320 0 1439 74
c321 1 1445 9
c322 0 1446 86
c323 0 1446 80
c324 0 1452 79
c325 0 1456 1
c326 0 1465 56
c327 0 1472 34
c328 1 1475 4
c329 1 1478 45
c330 1 1483 37
c331 1 1485 50
c332 1 1489 40
c333 0 1491 33
c334 0 1495 25
c335 0 1502 92
c336 0 1511 81
c337 0 1519 67
c338 0 1521 85
c339 0 1526 8
c340 0 1529 46
c341 0 1535 36
c342 1 1540 23
c343 1 1546 97
c344 1 1546 16
c345 0 1554 67
c346 1 1562 93
c347 0 1567 3
c348 0 1571 34
c349 0 1575 31
c350 0 1579 57
c351 0 1583 80
c352 0 1588 91
c353 0 1590 95
c354 0 1595 74
c355 1 1595 47
c356 1 1604 81
c357 0 1607 44
c358 0 1610 80
c359 1 1618 76
c360 0 1626 27
c361 1 1628 47
c362 0 1635 31
c363 1 1641 53
c364 1 1648 8
c365 0 1648 74
c366 0 1656 11
c367 1 1660 91
c368 1 1666 16
c369 0 1674 35
c370 0 1681 32
c371 0 1688 2
c372 0 1696 45
c373 1 1704 89
c374 1 1713 73
c375 1 1717 74
c376 1 1724 59
c377 0 1727 47
c378 1 1728 22
c379 0 1734 87
c380 0 1734 67
c381 0 1742 74
c382 1 1742 21
c383 0 1748 1
c384 1 1752 32
c385 0 1755 31
c386 0 1761 72
c387 0 1768 88
c388 1 1768 8
c389 0 1768 5
c390 1 1773 26
c391 1 1780 21
c392 0 1788 96
c393 0 1796 24
c394 1 1799 57
c395 1 1806 21
c396 1 1811 78
c397 1 1812 56
c398 1 1815 25
c399 1 1822 22
c400 1 1828 48
c401 0 1829 71
c402 1 1830 16
c403 1 1839 96
c404 1 1845 79
c405 0 1848 55
c406 1 1853 77
c407 0 1855 43
c408 0 1859 21
c409 1 1860 47
c410 0 1868 58
c411 0 1872 5
c412 0 1874 41
c413 0 1881 25
c414 1 1889 35
c415 1 1892 70
c416 1 1895 81
c417 1 1897 97
c418 1 1901 91
c419 0 1901 37
c420 0 1907 54
c421 0 1908 18
c422 1 1909 8
c423 1 1913 82
c424 0 1914 48
c425 1 1914 47
c426 0 1921 19
c427 1 1926 65
c428 0 1931 5
c429 0 1940 3
c430 0 1947 29
c431 0 1949 68
c432 1 1956 13
c433 0 1963 84
c434 0 1967 96
c435 1 1968 37
c436 0 1971 14
c437 0 1974 72
c438 1 1980 93
c439 1 1980 88
c440 1 1984 93
c441 1 1991 52
c442 1 1996 2
c443 1 2005 50
c444 1 2007 15
c445 0 2010 57
c446 0 2016 35
c447 1 2022 43
c448 0 2023 33
c449 0 2030 82
c450 0 2037 69
c451 0 2042 52
c452 1 2046 92
c453 0 2051 91
c454 1 2052 29
c455 0 2059 17
c456 0 2065 51
c457 1 2066 48
c458 1 2070 9
c459 1 2075 36
c460 0 2083 49
c461 0 2089 72
c462 0 2093 8
c463 0 2100 14
c464 0 2105 54
c465 0 2113 7
c466 0 2119 6
c467 1 2122 12
c468 0 2127 22
c469 1 2130 67
c470 0 2131 6
c471 0 2134 98
c472 0 2141 12
c473 1 2142 44
c474 0 2143 73
c475 1 2149 53
c476 0 2153 82
c477 1 2161 89
c478 1 2166 33
c479 0 2174 13
c480 0 2179 51
c481 0 2186 9
c482 1 2192 40
c483 1 2201 42
c484 0 2202 46
c485 1 2203 11
c486 1 2207 80
c487 0 2210 41
c488 1 2211 46
c489 1 2212 8
c490 1 2219 91
c491 0 2226 8
c492 0 2231 13
c493 1 2240 27
c494 1 2241 63
c495 1 2245 52
c496 1 2247 69
c497 1 2251 9
c498 1 2251 4
c499 1 2254 31
c500 1 2260 8
