c00 1 0 28
c01 1 7 77
c02 1 10 38
c03 0 19 35
c04 1 19 51
c05 0 20 8
c06 1 26 33
c07 1 26 64
c08 1 30 42
c09 1 31 72
c10 1 33 19
c11 0 40 18
c12 0 40 37
c13 1 40 75
c14 0 46 46
c15 0 54 45
c16 0 61 38
c17 0 62 72
c18 1 65 98
c19 0 73 19
c20 1 80 42
c21 1 89 70
c22 0 95 79
c23 1 99 82
c24 0 100 82
c25 0 101 1
c26 1 107 96
c27 1 112 30
c28 0 119 92
c29 0 122 18
c30 1 127 16
c31 0 132 85
c32 0 141 72
c33 0 144 72
c34 1 145 7
c35 0 152 59
c36 1 161 65
c37 1 164 2
c38 1 167 21
c39 0 173 81
c40 0 177 92
c41 0 177 88
c42 1 185 3
c43 1 192 14
c44 1 200 66
c45 0 208 5
c46 0 214 15
c47 1 219 25
c48 1 220 17
c49 0 223 94
c50 1 231 52
c51 0 232 85
c52 0 232 35
c53 1 238 66
c54 1 240 11
c55 0 242 73
c56 0 245 91
c57 0 246 72
c58 1 249 97
c59 1 253 93
c60 0 253 20
c61 1 253 9
c62 0 262 73
c63 0 264 62
c64 0 266 22
c65 0 267 88
c66 1 272 94
c67 0 279 96
c68 0 288 4
c69 0 294 28
c70 1 303 16
c71 1 305 16
c72 1 305 86
c73 0 305 66
c74 0 306 7
c75 1 313 66
c76 0 317 34
c77 1 318 58
c78 0 324 12
c79 1 324 35
c80 0 326 67
c81 1 335 7
c82 0 342 30
c83 0 345 72
c84 0 348 43
c85 0 351 53
c86 0 355 88
c87 0 360 27
c88 1 365 17
c89 1 367 47
c90 1 368 80
c91 1 372 72
c92 1 380 50
c93 0 385 71
c94 0 393 51
c95 1 398 23
c96 1 401 55
c97 1 407 71
c98 0 415 62
c99 0 419 20
c100 1 428 52
c101 0 435 62
c102 1 436 19
c103 1 441 79
c104 0 441 50
c105 1 441 99
c106 0 447 29
c107 1 448 79
c108 0 457 37
c109 0 457 84
c110 1 460 67
c111 0 465 2
c112 1 467 73
c113 1 476 49
c114 0 477 3
c115 0 478 47
c116 0 483 54
c117 1 487 68
c118 1 489 64
c119 1 493 87
c120 0 495 93
c121 0 501 39
c122 0 502 95
c123 0 505 8
c124 1 507 54
c125 1 508 96
c126 1 517 80
c127 1 526 22
c128 1 533 42
c129 0 535 48
c130 0 541 50
c131 1 545 38
c132 0 545 57
c133 1 550 61
c134 0 556 50
c135 0 562 99
c136 0 569 3
c137 0 578 26
c138 0 583 72
c139 1 587 7
c140 0 594 90
c141 0 598 86
c142 0 603 12
c143 1 609 55
c144 0 617 52
c145 1 618 7
c146 0 627 12
c147 0 631 51
c148 0 639 27
c149 1 645 89
c150 0 645 93
c151 1 648 54
c152 1 648 51
c153 1 648 13
c154 0 652 1
c155 1 654 2
c156 1 659 83
c157 1 661 79
c158 0 667 99
c159 1 675 25
c160 1 679 82
c161 0 687 34
c162 1 690 96
c163 0 693 74
c164 1 700 88
c165 0 703 58
c166 1 708 19
c167 0 715 36
c168 0 717 18
c169 0 717 73
c170 1 718 12
c171 1 720 45
c172 1 720 10
c173 0 728 56
c174 1 732 59
c175 1 739 31
c176 1 743 20
c177 0 752 60
c178 1 754 41
c179 1 763 78
c180 1 766 36
c181 1 769 3
c182 0 770 38
c183 1 779 16
c184 0 780 65
c185 1 785 37
c186 1 786 96
c187 0 790 51
c188 1 798 48
c189 0 800 1
c190 0 801 23
c191 0 803 50
c192 0 803 97
c193 1 811 68
c194 1 816 47
c195 0 823 54
c196 0 831 3
c197 0 836 43
c198 0 840 6
c199 0 840 41
c200 1 840 48
c201 0 843 96
c202 0 852 53
c203 1 853 39
c204 1 856 47
c205 0 856 50
c206 0 865 36
c207 1 865 72
c208 1 870 64
c209 0 870 44
c210 1 877 98
c211 1 878 72
c212 1 879 50
c213 1 881 66
c214 0 885 21
c215 1 894 90
c216 0 900 19
c217 1 908 89
c218 1 908 99
c219 1 914 35
c220 0 918 68
c221 0 925 27
c222 0 930 21
c223 0 934 88
c224 0 941 57
c225 1 949 60
c226 0 955 71
c227 0 956 31
c228 1 959 10
c229 1 964 68
c230 0 972 78
c231 0 977 69
c232 1 978 42
c233 1 981 6
c234 1 990 56
c235 0 995 50
c236 0 997 15
c237 0 1005 35
c238 1 1006 43
c239 0 1007 44
c240 0 1010 30
c241 0 1015 40
c242 0 1019 87
c243 1 1022 35
c244 1 1029 78
c245 1 1032 26
c246 1 1038 50
c247 0 1046 69
c248 1 1055 20
c249 1 1060 17
c250 1 1064 23
c251 1 1071 94
c252 1 1078 85
c253 1 1081 67
c254 1 1089 52
c255 0 1095 36
c256 0 1098 41
c257 0 1106 34
c258 0 1106 62
c259 1 1113 65
c260 1 1114 80
c261 0 1123 86
c262 0 1129 58
c263 0 1136 20
c264 0 1142 88
c265 1 1147 73
c266 1 1148 8
c267 0 1154 30
c268 1 1157 31
c269 0 1157 10
c270 1 1163 71
c271 0 1172 95
c272 0 1172 59
c273 0 1181 51
c274 0 1184 10
c275 0 1193 30
c276 1 1199 38
c277 0 1201 54
c278 1 1205 38
c279 1 1213 29
c280 1 1222 31
c281 1 1226 53
c282 1 1230 99
c283 1 1232 62
c284 0 1238 59
c285 0 1246 65
c286 0 1255 12
c287 0 1257 87
c288 0 1260 90
c289 0 1267 1
c290 1 1272 14
c291 0 1279 70
c292 1 1280 87
c293 1 1284 60
c294 1 1290 33
c295 1 1295 52
c296 1 1302 98
c297 1 1311 20
c298 0 1317 7
c299 1 1321 79
c300 0 1326 96
c301 0 1330 21
c302 0 1333 45
c303 1 1338 7
c304 0 1344 73
c305 1 1353 59
c306 1 1356 11
c307 1 1365 68
c308 1 1367 45
c309 1 1373 51
c310 1 1376 13
c311 0 1378 76
c312 1 1384 82
c313 1 1388 3
c314 0 1389 28
c315 1 1392 34
c316 1 1397 36
c317 1 1398 61
c318 0 1399 2
c319 1 1403 28
c320 1 1411 46
c321 0 1419 43
c322 1 1419 75
c323 0 1421 92
c324 1 1429 97
c325 1 1431 73
c326 0 1438 43
c327 1 1439 32
c328 0 1445 14
c329 0 1448 4
c330 1 1450 74
c331 1 1453 45
c332 0 1462 63
c333 1 1464 37
c334 0 1465 38
c335 0 1471 85
c336 1 1471 50
c337 1 1474 76
c338 1 1479 64
c339 0 1481 79
c340 1 1483 63
c341 0 1489 56
c342 0 1490 63
c343 0 1491 97
c344 0 1496 28
c345 1 1503 24
c346 0 1507 45
c347 1 1516 47
c348 1 1523 32
c349 1 1524 1
c350 0 1528 45
c351 1 1536 55
c352 1 1543 72
c353 0 1543 42
c354 0 1545 70
c355 1 1546 96
c356 1 1546 34
c357 0 1551 12
c358 1 1554 73
c359 1 1556 61
c360 1 1556 84
c361 1 1564 50
c362 1 1569 52
c363 0 1574 91
c364 0 1575 69
c365 0 1581 32
c366 1 1588 65
c367 1 1590 70
c368 0 1592 36
c369 1 1601 88
c370 1 1606 34
c371 0 1612 10
c372 1 1613 71
c373 1 1613 42
c374 1 1614 27
c375 1 1616 46
c376 1 1619 28
c377 1 1622 2
c378 0 1631 6
c379 1 1639 67
c380 0 1641 58
c381 1 1648 68
c382 0 1657 15
c383 1 1659 94
c384 1 1660 16
c385 1 1660 39
c386 0 1664 49
c387 1 1667 56
c388 0 1669 69
c389 1 1676 17
c390 1 1682 91
c391 0 1691 46
c392 1 1694 46
c393 1 1700 89
c394 0 1700 5
c395 1 1703 75
c396 1 1710 6
c397 1 1719 4
c398 0 1728 19
c399 0 1730 47
c400 1 1731 93
c401 0 1732 60
c402 0 1733 7
c403 1 1735 2
c404 0 1743 66
c405 1 1751 57
c406 0 1755 56
c407 1 1757 21
c408 1 1764 62
c409 0 1770 34
c410 0 1777 61
c411 0 1779 91
c412 1 1781 23
c413 1 1781 98
c414 1 1786 83
c415 0 1787 77
c416 0 1792 18
c417 1 1799 57
c418 1 1808 73
c419 1 1816 35
c420 1 1823 27
c421 1 1831 60
c422 1 1835 23
c423 1 1842 15
c424 1 1843 12
c425 1 1851 33
c426 1 1854 39
c427 0 1859 70
c428 0 1859 98
c429 0 1859 92
c430 0 1859 77
c431 1 1868 47
c432 0 1868 5
c433 0 1871 83
c434 0 1874 20
c435 0 1883 53
c436 0 1885 95
c437 1 1892 50
c438 1 1897 86
c439 0 1900 52
c440 1 1903 50
c441 1 1911 52
c442 0 1917 94
c443 1 1925 55
c444 0 1932 96
c445 0 1935 60
c446 1 1944 19
c447 1 1952 34
c448 1 1952 12
c449 0 1955 78
c450 1 1955 35
c451 1 1959 83
c452 0 1965 85
c453 1 1968 99
c454 1 1974 69
c455 0 1976 2
c456 1 1979 35
c457 1 1979 45
c458 0 1984 5
c459 1 1989 50
c460 0 1996 12
c461 1 1998 89
c462 0 2007 79
c463 1 2016 19
c464 1 2019 83
c465 0 2026 31
c466 1 2032 88
c467 0 2032 30
c468 0 2038 90
c469 1 2047 88
c470 0 2050 10
c471 0 2055 38
c472 0 2055 39
c473 0 2055 68
c474 1 2061 42
c475 1 2064 67
c476 1 2073 36
c477 1 2076 15
c478 0 2080 25
c479 1 2087 60
c480 1 2089 96
c481 0 2091 50
c482 0 2093 26
c483 1 2095 54
c484 1 2104 77
c485 0 2108 74
c486 1 2114 67
c487 1 2118 11
c488 1 2122 37
c489 1 2129 10
c490 0 2135 80
c491 0 2143 39
c492 1 2143 40
c493 1 2150 4
c494 1 2153 75
c495 1 2159 40
c496 1 2166 76
c497 1 2173 59
c498 1 2175 3
c499 1 2179 67
c500 0 2180 43
