c00 0 0 99
c01 0 7 10
c02 0 10 72
c03 1 19 45
c04 0 24 83
c05 0 26 45
c06 0 33 22
c07 0 41 30
c08 1 47 64
c09 0 50 64
c10 0 53 6
c11 1 55 37
c12 1 55 8
c13 0 64 12
c14 0 69 85
c15 0 73 80
c16 1 82 55
c17 0 83 89
c18 1 83 81
c19 0 89 27
c20 0 95 8
c21 1 104 80
c22 1 111 79
c23 1 120 60
c24 0 124 6
c25 0 129 48
c26 1 136 33
c27 1 137 98
c28 1 142 82
c29 1 151 4
c30 1 155 52
c31 0 159 2
c32 1 160 74
c33 1 163 30
c34 1 167 7
c35 0 174 43
c36 1 176 20
c37 1 183 59
c38 0 188 15
c39 0 191 43
c40 1 194 29
c41 0 196 82
c42 0 196 70
c43 1 197 92
c44 1 203 16
c45 0 203 66
c46 0 207 28
c47 0 208 59
c48 1 212 70
c49 0 218 99
c50 1 223 5
c51 0 232 47
c52 1 239 21
c53 1 239 47
c54 0 242 20
c55 0 246 16
c56 1 253 5
c57 0 254 81
c58 1 255 65
c59 1 260 85
c60 0 260 89
c61 1 262 51
c62 1 269 37
c63 0 278 62
c64 1 284 44
c65 0 292 36
c66 0 294 85
c67 1 300 49
c68 0 301 31
c69 0 304 71
c70 1 305 17
c71 1 309 86
c72 1 313 81
c73 0 315 70
c74 1 315 11
c75 1 317 29
c76 1 320 63
c77 1 329 22
c78 1 337 63
c79 0 345 70
c80 1 348 97
c81 0 352 81
c82 0 361 57
c83 0 363 94
c84 1 363 74
c85 0 364 16
c86 1 368 53
c87 1 370 66
c88 0 377 60
c89 0 378 74
c90 0 385 40
c91 1 386 54
c92 1 391 21
c93 1 394 38
c94 1 401 22
c95 1 403 24
c96 1 412 79
c97 1 414 64
c98 1 419 1
c99 0 424 42
c100 0 432 6
c101 0 435 22
c102 1 436 41
c103 0 437 23
c104 0 438 63
c105 0 447 80
c106 0 450 26
c107 0 452 86
c108 0 461 9
c109 1 463 31
c110 0 471 80
c111 1 476 43
c112 1 480 41
c113 1 482 52
c114 1 485 85
c115 1 485 90
c116 1 490 84
c117 1 493 26
c118 0 494 23
c119 0 497 27
c120 0 502 93
c121 0 506 12
c122 1 506 57
c123 0 514 17
c124 1 521 45
c125 1 527 92
c126 0 527 99
c127 1 531 35
c128 0 538 26
c129 0 538 97
c130 1 538 15
c131 1 542 58
c132 0 550 31
c133 1 559 91
c134 1 568 19
c135 1 572 24
c136 1 578 26
c137 0 581 68
c138 0 586 8
c139 1 588 32
c140 0 592 42
c141 0 600 89
c142 0 605 13
c143 1 608 55
c144 1 617 28
c145 0 622 18
c146 1 631 35
c147 0 638 35
c148 1 642 29
c149 1 647 79
c150 0 656 78
c151 1 657 89
c152 1 665 81
c153 0 671 50
c154 1 675 56
c155 1 679 30
c156 0 685 27
c157 0 686 99
c158 0 689 32
c159 1 693 34
c160 1 698 14
c161 0 703 68
c162 0 707 6
c163 0 711 42
c164 0 715 99
c165 1 720 97
c166 0 722 55
c167 0 722 6
c168 0 731 43
c169 0 732 54
c170 1 741 11
c171 0 744 26
c172 0 752 59
c173 1 760 96
c174 0 762 59
c175 0 769 87
c176 1 771 90
c177 1 780 17
c178 0 783 24
c179 0 785 96
c180 1 792 60
c181 0 795 74
c182 1 797 7
c183 0 802 87
c184 1 802 48
c185 1 805 59
c186 1 813 65
c187 0 819 40
c188 0 825 2
c189 1 832 6
c190 0 832 56
c191 0 838 67
c192 0 847 67
c193 1 849 75
c194 1 852 80
c195 1 858 77
c196 1 866 24
c197 0 869 32
c198 1 876 91
c199 1 876 88
c200 0 880 98
c201 1 880 37
c202 1 882 30
c203 0 888 40
c204 1 897 51
c205 1 904 81
c206 0 905 95
c207 0 913 93
c208 1 921 90
c209 0 926 77
c210 0 929 54
c211 0 931 23
c212 0 933 34
c213 1 933 22
c214 0 938 12
c215 0 947 34
c216 1 948 97
c217 0 950 89
c218 0 956 7
c219 0 956 47
c220 0 965 34
c221 1 974 89
c222 0 981 68
c223 1 986 29
c224 0 989 56
c225 1 994 96
c226 0 994 91
c227 0 1000 7
c228 0 1004 27
c229 0 1010 68
c230 1 1019 5
c231 1 1019 26
c232 0 1024 65
c233 0 1032 7
c234 1 1040 3
c235 0 1045 79
c236 1 1049 84
c237 1 1052 94
c238 1 1055 15
c239 1 1063 59
c240 0 1072 45
c241 0 1072 42
c242 0 1076 2
c243 0 1081 1
c244 0 1086 47
c245 0 1090 47
c246 1 1091 89
c247 1 1099 59
c248 1 1100 89
c249 0 1108 68
c250 0 1116 25
c251 0 1118 39
c252 0 1120 48
c253 1 1121 8
c254 1 1126 31
c255 0 1127 37
c256 1 1129 37
c257 0 1135 24
c258 1 1137 25
c259 0 1142 7
c260 1 1145 74
c261 0 1151 15
c262 1 1156 28
c263 1 1165 97
c264 0 1168 5
c265 0 1174 23
c266 1 1175 2
c267 1 1180 41
c268 0 1186 29
c269 1 1188 46
c270 1 1190 48
c271 1 1199 40
c272 0 1207 70
c273 1 1215 76
c274 0 1224 93
c275 1 1226 15
c276 1 1227 21
c277 0 1234 29
c278 0 1238 52
c279 1 1239 12
c280 0 1239 46
c281 0 1244 82
c282 1 1245 98
c283 1 1245 48
c284 1 1245 60
c285 1 1252 2
c286 0 1256 5
c287 1 1256 59
c288 0 1260 22
c289 0 1260 20
c290 0 1261 15
c291 0 1270 31
c292 1 1274 11
c293 1 1279 97
c294 1 1287 41
c295 1 1289 30
c296 1 1298 44
c297 0 1304 58
c298 1 1311 2
c299 0 1312 56
c300 0 1318 16
c301 0 1323 62
c302 1 1327 16
c303 1 1333 86
c304 0 1334 74
c305 1 1336 81
c306 0 1343 25
c307 1 1348 19
c308 0 1352 94
c309 1 1360 3
c310 1 1367 4
c311 0 1375 56
c312 0 1382 16
c313 1 1388 71
c314 1 1395 92
c315 0 1396 84
c316 1 1405 89
c317 0 1410 43
c318 0 1419 7
c319 1 1421 21
c320 0 1421 94
c321 0 1422 74
c322 1 1424 78
c323 1 1433 64
c324 1 1441 38
c325 0 1443 42
c326 1 1448 6
c327 0 1454 91
c328 1 1454 68
c329 0 1458 74
c330 0 1465 67
c331 1 1469 57
c332 1 1478 14
c333 1 1484 30
c334 0 1490 87
c335 0 1491 31
c336 0 1496 62
c337 0 1505 23
c338 0 1514 89
c339 0 1523 15
c340 1 1525 81
c341 1 1531 78
c342 0 1535 44
c343 1 1539 34
c344 1 1541 2
c345 1 1543 85
c346 1 1546 85
c347 0 1547 22
c348 1 1550 99
c349 1 1559 61
c350 1 1559 73
c351 1 1561 38
c352 0 1569 41
c353 0 1575 91
c354 1 1580 82
c355 0 1587 82
c356 0 1595 13
c357 1 1603 15
c358 0 1609 22
c359 1 1618 56
c360 1 1620 52
c361 1 1621 78
c362 0 1628 7
c363 1 1635 2
c364 1 1641 41
c365 0 1648 53
c366 0 1657 68
c367 1 1661 87
c368 0 1661 11
c369 1 1664 19
c370 0 1671 2
c371 1 1675 17
c372 1 1682 92
c373 1 1689 66
c374 1 1692 36
c375 0 1694 53
c376 0 1694 80
c377 1 1702 39
c378 1 1703 83
c379 0 1707 6
c380 1 1709 17
c381 1 1718 58
c382 1 1720 19
c383 0 1720 26
c384 1 1721 83
c385 1 1724 5
c386 1 1733 68
c387 0 1734 24
c388 1 1734 48
c389 1 1742 31
c390 1 1743 86
c391 0 1749 21
c392 0 1749 53
c393 0 1758 58
c394 1 1765 56
c395 0 1767 13
c396 1 1771 36
c397 0 1775 93
c398 0 1777 52
c399 1 1785 94
c400 1 1785 86
c401 0 1788 93
c402 1 1792 59
c403 1 1793 14
c404 0 1797 43
c405 1 1803 66
c406 1 1811 89
c407 0 1820 66
c408 1 1826 41
c409 0 1834 93
c410 1 1842 16
c411 1 1849 17
c412 1 1851 93
c413 1 1856 42
c414 1 1860 27
c415 1 1865 11
c416 1 1869 73
c417 1 1875 15
c418 1 1882 37
c419 1 1882 37
c420 0 1883 69
c421 1 1888 53
c422 1 1890 5
c423 1 1897 71
c424 0 1902 28
c425 0 1906 45
c426 1 1915 5
c427 0 1921 65
c428 1 1922 7
c429 0 1926 73
c430 0 1934 37
c431 1 1935 34
c432 1 1941 42
c433 1 1945 20
c434 0 1954 13
c435 1 1960 54
c436 0 1963 32
c437 1 1964 88
c438 0 1972 68
c439 0 1972 21
c440 1 1974 5
c441 0 1977 18
c442 0 1986 33
c443 0 1986 34
c444 1 1988 96
c445 0 1996 55
c446 1 2002 64
c447 0 2003 19
c448 0 2010 88
c449 0 2011 80
c450 0 2020 82
c451 0 2026 48
c452 0 2030 35
c453 0 2033 25
c454 1 2034 96
c455 1 2043 33
c456 1 2043 74
c457 1 2046 72
c458 0 2046 89
c459 1 2053 35
c460 0 2060 14
c461 0 2062 52
c462 1 2069 16
c463 1 2075 21
c464 0 2081 85
c465 1 2082 60
c466 0 2091 39
c467 1 2095 45
c468 1 2102 74
c469 1 2106 90
c470 0 2114 6
c471 1 2121 32
c472 1 2123 42
c473 0 2124 36
c474 1 2130 4
c475 1 2138 70
c476 0 2142 5
c477 0 2142 56
c478 0 2151 92
c479 0 2156 89
c480 0 2165 13
c481 0 2172 99
c482 0 2175 81
c483 1 2183 72
c484 0 2192 74
c485 1 2193 80
c486 1 2197 26
c487 1 2202 86
c488 1 2204 43
c489 1 2206 19
c490 1 2211 93
c491 1 2211 26
c492 1 2211 72
c493 0 2220 81
c494 1 2225 69
c495 1 2232 3
c496 0 2233 76
c497 1 2236 53
c498 0 2242 16
c499 0 2242 40
c500 1 2243 19
