c00 1 0 62
c01 1 3 1
c02 0 5 13
c03 1 11 52
c04 1 18 1
c05 1 27 38
c06 0 35 13
c07 1 36 21
c08 1 38 92
c09 0 43 45
c10 0 44 16
c11 0 50 33
c12 0 58 94
c13 1 58 58
c14 0 58 51
c15 1 59 51
c16 0 62 76
c17 0 63 51
c18 1 69 50
c19 1 78 30
c20 1 81 59
c21 1 82 11
c22 1 84 31
c23 0 92 11
c24 0 95 35
c25 1 97 22
c26 0 97 46
c27 0 105 28
c28 1 108 93
c29 1 116 45
c30 1 125 54
c31 1 133 86
c32 0 138 81
c33 0 144 86
c34 0 148 65
c35 1 156 94
c36 0 157 65
c37 1 157 10
c38 1 161 25
c39 1 165 31
c40 0 170 30
c41 0 171 53
c42 0 175 37
c43 0 180 64
c44 1 189 77
c45 0 197 17
c46 1 201 23
c47 0 203 43
c48 0 203 32
c49 0 211 59
c50 0 212 42
c51 0 218 30
c52 1 223 39
c53 1 223 48
c54 1 227 7
c55 0 231 47
c56 0 234 58
c57 0 243 68
c58 0 247 97
c59 0 253 82
c60 0 253 41
c61 0 261 66
c62 1 267 54
c63 0 275 80
c64 0 280 62
c65 1 288 98
c66 1 288 88
c67 1 295 89
c68 1 300 67
c69 0 306 85
c70 1 312 22
c71 0 321 48
c72 1 321 9
c73 1 328 50
c74 1 335 24
c75 1 344 45
c76 0 344 33
c77 0 353 40
c78 1 356 2
c79 1 363 15
c80 0 370 99
c81 0 377 46
c82 0 383 53
c83 0 390 52
c84 0 399 96
c85 0 400 38
c86 0 400 31
c87 0 408 75
c88 0 415 63
c89 1 416 11
c90 1 418 40
c91 1 421 49
c92 0 429 48
c93 1 430 72
c94 1 431 19
c95 1 440 9
c96 1 440 72
c97 0 443 72
c98 1 444 66
c99 0 450 68
c100 1 452 13
c101 1 454 66
c102 1 454 84
c103 0 454 19
c104 0 459 16
c105 0 459 98
c106 0 462 45
c107 1 467 76
c108 0 473 99
c109 1 481 75
c110 0 482 93
c111 1 482 40
c112 0 483 98
c113 0 488 54
c114 0 492 8
c115 1 493 10
c116 1 493 90
c117 1 494 11
c118 0 495 58
c119 1 504 4
c120 1 508 20
c121 1 517 49
c122 0 523 16
c123 1 528 20
c124 1 531 98
c125 0 531 97
c126 0 532 75
c127 1 532 53
c128 1 541 95
c129 0 549 5
c130 1 551 84
c131 0 555 15
c132 1 561 23
c133 0 563 17
c134 0 564 11
c135 1 569 83
c136 1 570 74
c137 0 574 92
c138 1 580 85
c139 1 589 76
c140 1 589 15
c141 1 594 95
c142 1 603 55
c143 1 603 70
c144 1 605 42
c145 0 612 84
c146 0 612 92
c147 1 615 89
c148 0 620 48
c149 0 628 96
c150 0 630 16
c151 1 639 61
c152 1 643 33
c153 0 647 92
c154 0 656 44
c155 0 661 92
c156 0 666 36
c157 1 673 17
c158 0 680 64
c159 1 687 66
c160 1 691 25
c161 0 692 61
c162 0 698 22
c163 0 704 23
c164 1 712 96
c165 1 715 48
c166 1 717 69
c167 1 722 34
c168 0 727 65
c169 1 735 83
c170 1 735 89
c171 0 735 81
c172 0 739 76
c173 0 747 30
c174 1 753 38
c175 1 762 56
c176 0 768 51
c177 0 776 58
c178 1 783 87
c179 0 788 91
c180 0 796 11
c181 1 800 26
c182 1 801 3
c183 0 805 10
c184 0 809 2
c185 1 818 16
c186 1 826 5
c187 0 827 40
c188 1 836 94
c189 1 845 79
c190 0 854 99
c191 1 856 98
c192 1 865 9
c193 0 868 41
c194 0 869 28
c195 0 875 84
c196 0 879 56
c197 0 880 54
c198 1 886 14
c199 1 889 52
c200 0 893 55
c201 1 895 51
c202 0 903 16
c203 1 911 77
c204 0 915 20
c205 0 920 5
c206 1 923 38
c207 0 928 82
c208 1 928 45
c209 1 934 16
c210 1 937 7
c211 1 938 78
c212 1 943 15
c213 1 945 30
c214 0 949 47
c215 0 954 54
c216 0 960 7
c217 0 964 99
c218 1 967 82
c219 1 973 49
c220 1 973 63
c221 1 975 26
c222 1 983 14
c223 0 984 86
c224 0 993 87
c225 0 997 81
c226 1 997 45
c227 1 1003 3
c228 1 1005 86
c229 1 1012 7
c230 1 1018 91
c231 0 1022 6
c232 1 1022 33
c233 1 1024 22
c234 1 1031 15
c235 1 1038 39
c236 1 1042 60
c237 0 1047 19
c238 0 1050 85
c239 1 1057 3
c240 0 1058 20
c241 0 1060 10
c242 1 1067 91
c243 0 1067 20
c244 1 1076 11
c245 1 1085 8
c246 0 1093 95
c247 0 1101 35
c248 0 1104 59
c249 1 1110 10
c250 1 1114 65
c251 0 1120 32
c252 1 1121 69
c253 0 1126 66
c254 1 1130 49
c255 0 1133 88
c256 1 1133 57
c257 0 1140 1
c258 0 1146 68
c259 0 1151 55
c260 1 1158 8
c261 1 1166 93
c262 0 1169 18
c263 1 1178 34
c264 0 1184 57
c265 0 1190 14
c266 0 1196 78
c267 1 1204 60
c268 0 1204 25
c269 1 1212 4
c270 1 1221 66
c271 0 1228 87
c272 1 1237 77
c273 1 1242 66
c274 0 1242 51
c275 0 1249 12
c276 0 1250 37
c277 0 1254 9
c278 0 1259 37
c279 1 1260 16
c280 0 1265 19
c281 0 1272 46
c282 1 1275 57
c283 1 1277 94
c284 1 1285 24
c285 0 1287 3
c286 0 1290 91
c287 1 1293 26
c288 1 1300 45
c289 0 1307 38
c290 0 1311 89
c291 1 1314 39
c292 0 1314 23
c293 1 1314 74
c294 1 1318 77
c295 1 1322 26
c296 0 1323 99
c297 0 1326 45
c298 0 1330 11
c299 0 1337 2
c300 0 1343 36
c301 0 1347 42
c302 0 1348 65
c303 1 1357 73
c304 0 1362 90
c305 1 1366 54
c306 0 1369 70
c307 0 1375 32
c308 0 1380 16
c309 1 1385 67
c310 1 1387 93
c311 0 1391 4
c312 1 1391 48
c313 0 1394 85
c314 1 1400 93
c315 1 1407 36
c316 1 1408 26
c317 1 1413 19
c318 0 1414 64
c319 1 1414 60
c320 0 1423 26
c321 0 1428 47
c322 0 1433 89
c323 0 1434 8
c324 0 1434 79
c325 1 1441 4
c326 1 1442 40
c327 1 1446 63
c328 1 1448 12
c329 1 1452 81
c330 0 1458 46
c331 1 1465 42
c332 1 1466 60
c333 1 1472 29
c334 0 1480 81
c335 0 1484 93
c336 1 1484 87
c337 0 1488 60
c338 0 1496 16
c339 0 1499 15
c340 0 1508 6
c341 1 1510 89
c342 1 1514 35
c343 0 1515 80
c344 1 1524 75
c345 0 1528 74
c346 1 1532 25
c347 1 1541 52
c348 1 1541 99
c349 1 1549 65
c350 1 1558 6
c351 1 1565 91
c352 1 1573 54
c353 1 1580 6
c354 0 1584 57
c355 1 1588 31
c356 0 1589 13
c357 0 1595 49
c358 0 1601 77
c359 1 1606 35
c360 1 1614 72
c361 1 1616 78
c362 1 1617 80
c363 0 1617 81
c364 1 1626 45
c365 1 1630 77
c366 0 1638 75
c367 0 1646 56
c368 1 1651 27
c369 0 1655 43
c370 0 1662 21
c371 1 1670 10
c372 1 1674 69
c373 0 1674 20
c374 1 1678 83
c375 1 1678 21
c376 1 1680 30
c377 1 1687 3
c378 0 1689 14
c379 0 1694 55
c380 0 1697 25
c381 0 1702 39
c382 1 1710 76
c383 1 1713 54
c384 0 1714 53
c385 1 1718 7
c386 1 1719 11
c387 0 1728 73
c388 0 1736 61
c389 0 1741 66
c390 1 1750 65
c391 0 1751 21
c392 0 1758 95
c393 1 1759 90
c394 0 1761 11
c395 1 1770 6
c396 1 1777 90
c397 1 1781 95
c398 0 1790 56
c399 1 1797 75
c400 0 1803 7
c401 1 1809 32
c402 1 1815 55
c403 1 1819 67
c404 1 1822 9
c405 1 1830 97
c406 1 1837 59
c407 1 1842 60
c408 1 1846 11
c409 0 1849 22
c410 1 1850 31
c411 1 1855 58
c412 0 1857 59
c413 0 1863 69
c414 0 1869 36
c415 1 1877 55
c416 1 1880 80
c417 1 1880 15
c418 1 1885 3
c419 0 1886 82
c420 0 1893 57
c421 0 1897 21
c422 1 1897 50
c423 1 1904 64
c424 1 1912 1
c425 0 1919 15
c426 1 1928 97
c427 1 1933 92
c428 0 1937 7
c429 1 1945 36
c430 1 1948 95
c431 0 1951 45
c432 0 1952 80
c433 0 1959 70
c434 1 1963 16
c435 1 1972 52
c436 1 1981 78
c437 1 1987 25
c438 1 1989 79
c439 1 1998 7
c440 1 1998 72
c441 1 2003 25
c442 1 2011 11
c443 0 2015 62
c444 1 2023 33
c445 0 2023 71
c446 1 2023 1
c447 1 2025 82
c448 1 2030 99
c449 1 2035 45
c450 0 2042 73
c451 0 2046 53
c452 0 2047 60
c453 1 2056 67
c454 1 2062 79
c455 0 2067 24
c456 1 2072 11
c457 0 2072 29
c458 1 2076 54
c459 0 2080 2
c460 0 2086 94
c461 1 2094 29
c462 1 2100 73
c463 1 2100 33
c464 0 2109 91
c465 1 2113 13
c466 0 2122 2
c467 1 2128 18
c468 0 2136 97
c469 1 2145 22
c470 0 2151 79
c471 0 2152 18
c472 1 2159 49
c473 1 2160 71
c474 0 2165 59
c475 1 2169 97
c476 1 2177 58
c477 0 2182 14
c478 1 2189 15
c479 0 2192 56
c480 1 2192 77
c481 1 2199 81
c482 0 2208 3
c483 0 2209 93
c484 0 2212 46
c485 1 2216 76
c486 1 2220 65
c487 0 2224 25
c488 1 2224 51
c489 1 2230 13
c490 0 2238 76
c491 0 2244 50
c492 0 2249 72
c493 1 2257 28
c494 1 2258 49
c495 0 2260 59
c496 0 2266 94
c497 1 2270 67
c498 1 2277 59
c499 1 2283 36
c500 0 2283 97
