c00 1 0 15
c01 0 3 66
c02 0 9 71
c03 0 9 64
c04 1 10 47
c05 0 13 48
c06 1 16 71
c07 1 25 66
c08 1 27 95
c09 1 34 36
c10 1 39 14
c11 0 41 66
c12 1 46 55
c13 0 54 20
c14 1 59 97
c15 0 68 55
c16 1 70 11
c17 0 78 47
c18 1 79 94
c19 0 83 59
c20 0 86 28
c21 0 94 56
c22 0 98 33
c23 1 106 94
c24 0 107 89
c25 1 116 41
c26 1 124 11
c27 0 131 21
c28 0 133 78
c29 0 134 54
c30 0 139 88
c31 0 142 25
c32 1 145 73
c33 0 151 58
c34 1 154 11
c35 1 163 43
c36 1 168 86
c37 0 177 14
c38 1 186 64
c39 1 186 80
c40 0 189 21
c41 0 197 95
c42 1 200 17
c43 0 203 91
c44 0 205 32
c45 0 213 96
c46 0 222 31
c47 0 229 53
c48 0 231 38
c49 1 238 44
c50 0 246 17
c51 1 255 73
c52 0 262 88
c53 0 266 38
c54 0 268 84
c55 1 269 85
c56 1 269 58
c57 1 278 76
c58 1 286 79
c59 0 291 14
c60 0 292 67
c61 0 298 99
c62 0 298 12
c63 0 302 70
c64 0 303 14
c65 0 311 6
c66 0 317 98
c67 1 319 96
c68 1 322 3
c69 0 327 60
c70 0 330 38
c71 0 330 5
c72 0 330 85
c73 1 335 18
c74 1 343 79
c75 0 349 84
c76 1 349 54
c77 0 349 78
c78 0 354 69
c79 1 356 37
c80 1 363 68
c81 1 364 44
c82 0 367 95
c83 1 367 50
c84 1 372 6
c85 1 380 1
c86 0 385 97
c87 0 393 63
c88 1 395 44
c89 1 404 22
c90 1 407 8
c91 1 413 3
c92 0 420 2
c93 1 420 31
c94 1 426 23
c95 0 435 47
c96 0 443 33
c97 0 447 43
c98 0 447 68
c99 1 447 51
c100 1 451 50
c101 1 458 35
c102 0 465 4
c103 0 467 28
c104 1 475 9
c105 1 476 22
c106 0 484 80
c107 1 489 39
c108 0 494 27
c109 1 503 48
c110 0 504 74
c111 1 511 29
c112 1 517 97
c113 0 519 36
c114 1 525 38
c115 0 533 55
c116 0 534 25
c117 1 538 75
c118 0 543 54
c119 0 548 23
c120 0 555 44
c121 1 561 60
c122 1 569 49
c123 0 575 43
c124 1 581 8
c125 0 587 69
c126 0 596 74
c127 0 599 18
c128 1 600 47
c129 0 606 77
c130 1 614 59
c131 1 620 16
c132 1 629 32
c133 1 629 79
c134 1 638 68
c135 1 639 75
c136 1 648 90
c137 0 653 15
c138 0 662 72
c139 0 663 81
c140 1 664 55
c141 0 673 70
c142 1 674 30
c143 1 675 51
c144 0 681 27
c145 1 686 42
c146 0 692 74
c147 1 697 93
c148 0 705 17
c149 0 709 41
c150 0 716 55
c151 0 718 81
c152 0 725 65
c153 0 733 81
c154 1 735 43
c155 1 743 81
c156 1 751 67
c157 1 759 13
c158 1 767 10
c159 0 773 20
c160 0 775 15
c161 1 779 2
c162 1 781 75
c163 1 785 63
c164 1 788 71
c165 1 792 55
c166 1 800 46
c167 1 808 99
c168 0 809 42
c169 0 813 14
c170 1 813 95
c171 1 820 74
c172 1 821 32
c173 0 824 68
c174 0 824 62
c175 1 827 20
c176 1 834 27
c177 1 834 11
c178 1 839 3
c179 1 844 44
c180 1 851 61
c181 0 857 2
c182 1 860 65
c183 1 860 39
c184 1 869 63
c185 1 870 9
c186 1 879 86
c187 1 888 53
c188 1 889 6
c189 1 894 75
c190 0 902 84
c191 0 904 67
c192 0 907 76
c193 1 908 82
c194 1 911 47
c195 0 916 60
c196 0 918 25
c197 0 925 50
c198 0 925 84
c199 1 926 56
c200 0 933 94
c201 0 936 60
c202 1 936 48
c203 0 941 13
c204 0 942 23
c205 0 946 58
c206 0 954 60
c207 0 958 18
c208 0 962 48
c209 1 962 16
c210 1 970 82
c211 0 979 53
c212 0 986 3
c213 1 995 97
c214 0 1001 91
c215 1 1002 58
c216 0 1010 97
c217 0 1015 42
c218 1 1020 18
c219 0 1029 39
c220 0 1029 72
c221 0 1031 63
c222 0 1039 82
c223 0 1042 28
c224 1 1048 63
c225 0 1051 38
c226 0 1060 70
c227 1 1064 3
c228 0 1066 73
c229 1 1075 81
c230 1 1077 93
c231 1 1084 26
c232 1 1092 38
c233 1 1096 53
c234 0 1104 92
c235 0 1107 5
c236 1 1115 1
c237 1 1123 87
c238 0 1130 44
c239 0 1136 39
c240 1 1144 90
c241 1 1153 26
c242 0 1158 67
c243 0 1166 29
c244 1 1174 9
c245 0 1174 80
c246 0 1180 38
c247 0 1188 40
c248 0 1189 74
c249 1 1190 14
c250 0 1192 25
c251 0 1200 33
c252 1 1205 24
c253 0 1210 97
c254 1 1212 83
c255 1 1221 93
c256 0 1229 23
c257 1 1234 90
c258 1 1234 43
c259 1 1238 7
c260 0 1241 9
c261 1 1242 15
c262 0 1246 6
c263 1 1255 5
c264 1 1264 98
c265 0 1264 16
c266 0 1270 99
c267 0 1271 27
c268 0 1271 29
c269 1 1278 78
c270 1 1281 23
c271 0 1286 76
c272 0 1290 84
c273 0 1297 73
c274 1 1305 3
c275 0 1305 38
c276 1 1312 68
c277 0 1313 21
c278 1 1316 25
c279 1 1320 61
c280 0 1325 11
c281 0 1327 29
c282 0 1335 11
c283 0 1340 26
c284 0 1348 53
c285 1 1348 73
c286 1 1350 58
c287 0 1358 40
c288 0 1359 10
c289 0 1361 36
c290 1 1366 84
c291 1 1369 76
c292 0 1371 96
c293 1 1371 21
c294 0 1375 92
c295 0 1376 35
c296 0 1383 12
c297 0 1392 74
c298 0 1393 77
c299 0 1399 24
c300 0 1399 78
c301 0 1408 16
c302 1 1408 22
c303 1 1414 46
c304 0 1421 42
c305 1 1425 25
c306 0 1434 92
c307 1 1439 6
c308 1 1448 21
c309 0 1450 62
c310 1 1451 45
c311 0 1453 52
c312 1 1459 9
c313 0 1467 67
c314 1 1473 47
c315 1 1482 49
c316 1 1489 88
c317 0 1495 44
c318 0 1503 15
c319 1 1508 3
c320 1 1515 94
c321 1 1520 55
c322 0 1529 14
c323 1 1530 41
c324 0 1531 92
c325 0 1536 16
c326 0 1538 85
c327 0 1540 47
c328 1 1546 36
c329 0 1555 70
c330 1 1559 39
c331 0 1562 2
c332 1 1565 9
c333 0 1571 28
c334 0 1576 62
c335 1 1577 66
c336 1 1584 45
c337 1 1592 68
c338 1 1594 63
c339 0 1599 98
c340 0 1605 25
c341 1 1609 37
c342 1 1609 10
c343 1 1613 76
c344 1 1617 77
c345 0 1624 38
c346 1 1631 82
c347 0 1634 53
c348 0 1640 59
c349 0 1646 7
c350 0 1655 50
c351 1 1660 5
c352 1 1666 75
c353 1 1674 44
c354 0 1683 61
c355 1 1692 80
c356 0 1693 33
c357 1 1701 12
c358 1 1704 30
c359 1 1704 93
c360 1 1711 87
c361 0 1713 85
c362 0 1720 33
c363 0 1729 42
c364 1 1729 22
c365 1 1733 65
c366 1 1738 64
c367 0 1746 8
c368 0 1748 37
c369 0 1750 22
c370 0 1752 17
c371 0 1758 73
c372 0 1762 7
c373 0 1765 64
c374 1 1769 15
c375 1 1777 34
c376 1 1782 31
c377 1 1782 20
c378 1 1790 97
c379 0 1791 8
c380 1 1792 63
c381 1 1799 67
c382 0 1808 62
c383 1 1810 6
c384 1 1812 17
c385 1 1813 98
c386 1 1819 76
c387 1 1819 43
c388 0 1821 93
c389 1 1823 53
c390 1 1826 79
c391 0 1831 6
c392 0 1833 8
c393 0 1838 4
c394 0 1842 57
c395 0 1851 25
c396 0 1852 91
c397 1 1860 17
c398 0 1860 11
c399 1 1869 60
c400 1 1869 94
c401 1 1870 3
c402 0 1873 71
c403 1 1876 94
c404 0 1880 10
c405 0 1886 17
c406 0 1887 12
c407 0 1893 14
c408 0 1901 42
c409 1 1909 30
c410 0 1910 33
c411 1 1912 1
c412 0 1912 63
c413 0 1920 17
c414 0 1920 58
c415 0 1923 3
c416 0 1923 87
c417 1 1923 59
c418 0 1930 74
c419 1 1938 21
c420 0 1944 67
c421 1 1947 26
c422 0 1949 44
c423 1 1950 23
c424 0 1958 76
c425 1 1964 99
c426 1 1968 38
c427 1 1976 98
c428 0 1977 27
c429 1 1980 51
c430 0 1982 39
c431 0 1988 86
c432 0 1997 45
c433 1 1998 71
c434 0 2003 91
c435 0 2012 38
c436 0 2017 9
c437 1 2021 44
c438 0 2030 39
c439 0 2035 1
c440 0 2037 44
c441 1 2039 2
c442 1 2045 30
c443 1 2048 38
c444 1 2057 74
c445 1 2066 92
c446 0 2066 15
c447 0 2073 15
c448 1 2075 82
c449 0 2084 46
c450 0 2093 3
c451 1 2098 3
c452 1 2101 4
c453 0 2106 5
c454 0 2110 80
c455 1 2115 93
c456 1 2117 84
c457 0 2120 57
c458 1 2124 56
c459 1 2125 13
c460 1 2126 27
c461 0 2133 28
c462 0 2139 80
c463 0 2143 22
c464 1 2152 22
c465 0 2159 93
c466 0 2163 41
c467 0 2166 24
c468 1 2168 5
c469 1 2171 78
c470 0 2175 79
c471 0 2175 82
c472 1 2180 34
c473 0 2185 73
c474 0 2193 26
c475 1 2196 10
c476 1 2199 44
c477 1 2203 83
c478 1 2203 93
c479 1 2204 23
c480 1 2207 88
c481 1 2212 12
c482 0 2215 8
c483 1 2215 21
c484 1 2216 34
c485 1 2223 65
c486 1 2229 7
c487 1 2230 28
c488 1 2230 15
c489 0 2236 60
c490 1 2243 2
c491 0 2252 35
c492 0 2259 92
c493 0 2263 55
c494 0 2269 50
c495 0 2274 23
c496 0 2282 26
c497 0 2282 44
c498 1 2288 87
c499 0 2296 89
c500 1 2303 27
