c00 0 0 91
c01 1 3 33
c02 1 12 72
c03 0 13 36
c04 0 19 60
c05 0 21 89
c06 1 24 34
c07 0 26 64
c08 0 33 61
c09 0 35 23
c10 1 41 38
c11 0 42 22
c12 0 46 54
c13 0 50 13
c14 0 50 60
c15 0 58 34
c16 1 64 68
c17 0 70 65
c18 0 78 1
c19 1 78 29
c20 1 79 21
c21 0 85 36
c22 1 89 91
c23 0 96 3
c24 1 98 18
c25 0 105 28
c26 0 112 14
c27 1 112 69
c28 1 121 67
c29 1 129 42
c30 0 133 5
c31 0 140 20
c32 0 141 35
c33 0 146 30
c34 0 155 13
c35 0 162 15
c36 1 170 59
c37 0 178 82
c38 0 183 59
c39 1 190 78
c40 1 190 74
c41 1 192 84
c42 1 195 10
c43 1 196 95
c44 0 202 30
c45 0 206 35
c46 0 209 63
c47 1 216 65
c48 1 216 70
c49 1 218 23
c50 1 222 89
c51 0 223 92
c52 1 229 78
c53 0 230 43
c54 1 231 86
c55 1 237 20
c56 0 246 87
c57 0 246 81
c58 1 255 64
c59 1 255 82
c60 0 256 95
c61 0 260 84
c62 0 267 20
c63 0 270 67
c64 0 271 20
c65 0 274 4
c66 0 279 96
c67 0 285 60
c68 1 290 68
c69 0 298 16
c70 1 306 13
c71 0 314 65
c72 0 323 81
c73 0 330 37
c74 0 333 42
c75 0 334 66
c76 0 341 30
c77 1 347 96
c78 0 351 92
c79 0 354 46
c80 0 356 14
c81 0 357 23
c82 1 357 98
c83 0 357 39
c84 1 358 78
c85 1 360 53
c86 1 361 54
c87 1 367 9
c88 0 370 14
c89 0 378 65
c90 0 385 11
c91 1 386 87
c92 0 388 65
c93 0 393 20
c94 1 393 40
c95 0 399 52
c96 0 400 54
c97 1 405 10
c98 0 413 3
c99 1 418 54
c100 1 421 74
c101 1 428 24
c102 0 435 12
c103 0 440 32
c104 1 445 38
c105 0 449 12
c106 1 452 16
c107 0 461 54
c108 0 466 40
c109 0 469 29
c110 0 474 90
c111 0 482 46
c112 0 482 22
c113 0 490 23
c114 1 497 31
c115 0 505 59
c116 0 513 15
c117 1 522 36
c118 0 522 87
c119 0 522 24
c120 1 529 19
c121 1 534 88
c122 0 535 40
c123 0 541 27
c124 0 545 66
c125 1 545 67
c126 0 553 21
c127 0 560 35
c128 0 567 45
c129 0 576 17
c130 0 577 25
c131 0 585 65
c132 0 594 69
c133 1 599 42
c134 1 602 81
c135 0 609 65
c136 0 610 18
c137 0 610 68
c138 1 612 84
c139 0 618 46
c140 1 623 21
c141 0 629 11
c142 1 635 56
c143 1 636 11
c144 1 642 13
c145 0 651 57
c146 1 655 36
c147 1 655 50
c148 0 658 23
c149 1 665 32
c150 0 667 33
c151 0 675 34
c152 1 676 64
c153 0 680 29
c154 0 682 14
c155 1 688 84
c156 1 688 34
c157 0 694 10
c158 1 702 67
c159 0 705 25
c160 0 708 31
c161 1 713 57
c162 1 717 79
c163 0 717 10
c164 0 719 55
c165 0 727 85
c166 1 727 2
c167 0 736 44
c168 0 737 99
c169 0 739 16
c170 1 744 46
c171 0 752 3
c172 0 756 76
c173 0 764 13
c174 1 764 37
c175 0 773 89
c176 1 773 43
c177 0 778 11
c178 1 779 35
c179 1 788 74
c180 0 796 68
c181 0 805 20
c182 1 809 15
c183 1 817 95
c184 0 826 17
c185 0 827 15
c186 1 835 40
c187 1 842 12
c188 1 844 24
c189 1 850 68
c190 0 853 7
c191 1 857 55
c192 1 864 34
c193 0 871 82
c194 0 872 30
c195 0 880 24
c196 1 888 12
c197 0 892 81
c198 0 897 4
c199 1 905 91
c200 1 905 21
c201 0 909 25
c202 0 914 65
c203 0 918 95
c204 1 922 38
c205 0 928 19
c206 1 928 82
c207 1 929 79
c208 0 936 28
c209 0 941 49
c210 1 948 23
c211 1 953 30
c212 0 956 14
c213 1 963 20
c214 1 971 31
c215 1 978 48
c216 0 981 43
c217 1 981 12
c218 1 987 46
c219 0 993 79
c220 1 993 26
c221 0 1002 91
c222 1 1003 88
c223 0 1008 57
c224 1 1016 43
c225 1 1018 90
c226 1 1023 38
c227 1 1031 37
c228 0 1037 84
c229 0 1044 73
c230 1 1049 53
c231 0 1051 3
c232 1 1053 62
c233 1 1054 85
c234 1 1060 70
c235 0 1069 3
c236 1 1074 63
c237 0 1082 6
c238 0 1085 67
c239 1 1086 53
c240 1 1090 7
c241 0 1096 83
c242 0 1104 26
c243 1 1106 94
c244 1 1109 26
c245 0 1118 57
c246 0 1125 23
c247 1 1128 26
c248 0 1130 97
c249 1 1131 30
c250 0 1133 96
c251 1 1133 63
c252 1 1136 1
c253 1 1137 10
c254 0 1139 99
c255 1 1147 13
c256 0 1149 97
c257 1 1150 27
c258 0 1150 15
c259 0 1151 25
c260 0 1153 65
c261 0 1155 80
c262 0 1163 3
c263 0 1163 60
c264 1 1164 29
c265 0 1173 47
c266 1 1180 75
c267 1 1187 73
c268 1 1194 37
c269 0 1200 14
c270 1 1207 61
c271 1 1212 24
c272 1 1215 57
c273 0 1221 70
c274 1 1223 61
c275 0 1223 5
c276 1 1231 17
c277 1 1235 89
c278 1 1235 10
c279 1 1243 65
c280 1 1247 87
c281 1 1251 20
c282 1 1254 24
c283 1 1263 94
c284 1 1266 76
c285 0 1271 85
c286 1 1278 89
c287 0 1287 41
c288 1 1294 17
c289 1 1296 38
c290 0 1300 18
c291 0 1309 6
c292 0 1311 94
c293 1 1319 27
c294 0 1323 63
c295 0 1328 96
c296 0 1335 3
c297 0 1338 35
c298 0 1338 99
c299 1 1341 87
c300 1 1346 9
c301 1 1352 62
c302 1 1356 47
c303 1 1360 91
c304 1 1360 4
c305 0 1360 41
c306 1 1361 50
c307 0 1365 43
c308 0 1365 21
c309 0 1370 62
c310 0 1373 32
c311 1 1379 80
c312 0 1379 47
c313 0 1379 52
c314 1 1385 49
c315 1 1389 46
c316 0 1394 87
c317 0 1394 21
c318 1 1402 46
c319 0 1404 95
c320 0 1411 77
c321 1 1413 98
c322 0 1414 63
c323 1 1423 98
c324 0 1423 50
c325 1 1424 5
c326 0 1429 72
c327 0 1437 57
c328 1 1442 2
c329 1 1450 71
c330 1 1457 20
c331 0 1464 42
c332 1 1473 52
c333 1 1474 1
c334 1 1478 34
c335 1 1479 71
c336 1 1484 11
c337 0 1489 31
c338 1 1490 5
c339 0 1493 28
c340 1 1501 95
c341 1 1508 64
c342 0 1512 38
c343 0 1518 18
c344 0 1523 31
c345 0 1525 63
c346 1 1525 5
c347 1 1525 7
c348 1 1527 82
c349 0 1534 30
c350 0 1538 21
c351 0 1545 61
c352 1 1551 39
c353 1 1552 61
c354 1 1552 83
c355 1 1557 28
c356 0 1557 64
c357 1 1563 63
c358 0 1564 33
c359 1 1570 74
c360 0 1570 97
c361 1 1577 67
c362 0 1586 99
c363 1 1588 61
c364 0 1597 36
c365 1 1599 84
c366 1 1604 91
c367 0 1606 16
c368 1 1609 86
c369 1 1612 23
c370 0 1615 56
c371 1 1620 78
c372 0 1626 75
c373 0 1626 75
c374 0 1629 20
c375 0 1633 36
c376 1 1635 53
c377 1 1635 78
c378 0 1638 34
c379 1 1643 90
c380 1 1649 10
c381 1 1658 92
c382 1 1666 76
c383 1 1669 71
c384 1 1669 20
c385 0 1673 3
c386 1 1680 25
c387 0 1689 36
c388 1 1689 17
c389 0 1692 56
c390 1 1701 73
c391 1 1705 40
c392 1 1712 64
c393 0 1716 69
c394 1 1717 43
c395 0 1721 96
c396 0 1727 17
c397 0 1730 52
c398 1 1737 34
c399 1 1745 58
c400 0 1746 77
c401 0 1748 53
c402 0 1757 82
c403 1 1759 69
c404 0 1767 96
c405 0 1770 51
c406 1 1779 33
c407 0 1786 97
c408 0 1790 4
c409 0 1799 15
c410 0 1805 5
c411 0 1812 24
c412 0 1813 50
c413 0 1815 76
c414 0 1824 65
c415 1 1828 98
c416 0 1835 92
c417 1 1843 2
c418 1 1847 55
c419 0 1848 74
c420 1 1853 7
c421 1 1862 95
c422 1 1869 39
c423 1 1875 94
c424 0 1880 12
c425 1 1880 12
c426 0 1886 61
c427 1 1893 61
c428 0 1894 5
c429 1 1895 13
c430 0 1898 36
c431 0 1905 56
c432 0 1913 26
c433 1 1918 25
c434 1 1925 64
c435 1 1933 10
c436 1 1933 30
c437 1 1934 13
c438 0 1934 22
c439 0 1937 71
c440 0 1944 79
c441 0 1945 50
c442 0 1954 85
c443 0 1962 33
c444 1 1969 52
c445 1 1977 52
c446 0 1982 2
c447 1 1990 59
c448 1 1996 47
c449 0 2001 29
c450 0 2008 76
c451 0 2017 19
c452 0 2019 76
c453 0 2021 77
c454 1 2022 6
c455 1 2031 74
c456 1 2033 75
c457 0 2036 35
c458 1 2041 47
c459 1 2047 67
c460 0 2051 93
c461 0 2058 65
c462 0 2066 9
c463 0 2074 50
c464 1 2078 70
c465 1 2081 72
c466 1 2083 92
c467 1 2090 1
c468 0 2090 67
c469 1 2091 86
c470 1 2093 91
c471 0 2102 58
c472 1 2103 71
c473 1 2105 84
c474 0 2111 86
c475 1 2118 21
c476 1 2124 63
c477 1 2124 16
c478 1 2127 86
c479 0 2132 36
c480 0 2134 18
c481 0 2137 49
c482 0 2145 52
c483 1 2146 94
c484 1 2151 51
c485 0 2158 93
c486 0 2167 81
c487 0 2174 73
c488 1 2177 99
c489 1 2182 83
c490 0 2183 5
c491 1 2191 3
c492 0 2199 36
c493 1 2203 94
c494 1 2209 76
c495 1 2217 28
c496 1 2222 7
c497 0 2228 83
c498 0 2228 83
c499 1 2232 81
c500 0 2232 78
