c00 0 0 75
c01 0 4 63
c02 0 7 60
c03 1 10 12
c04 1 12 95
c05 1 21 91
c06 1 30 80
c07 1 34 74
c08 1 38 5
c09 0 46 63
c10 0 50 82
c11 1 53 22
c12 0 56 41
c13 0 63 38
c14 1 72 67
c15 0 81 81
c16 1 89 4
c17 1 93 50
c18 1 98 53
c19 0 100 69
c20 1 104 64
c21 0 110 82
c22 0 114 3
c23 0 117 27
c24 1 117 77
c25 0 119 20
c26 1 125 16
c27 0 130 45
c28 0 134 58
c29 0 137 1
c30 1 144 68
c31 1 151 36
c32 0 151 62
c33 1 153 49
c34 0 153 73
c35 0 158 60
c36 0 167 75
c37 0 169 22
c38 1 170 99
c39 0 176 73
c40 0 182 39
c41 1 187 58
c42 0 189 55
c43 1 189 63
c44 0 198 53
c45 0 198 17
c46 0 207 2
c47 0 208 58
c48 0 208 36
c49 1 213 34
c50 0 218 76
c51 1 220 85
c52 1 223 43
c53 1 225 14
c54 0 233 1
c55 0 239 2
c56 0 242 89
c57 1 245 35
c58 0 249 68
c59 0 258 8
c60 1 259 7
c61 0 261 61
c62 1 261 59
c63 1 269 33
c64 0 276 13
c65 1 280 71
c66 0 283 43
c67 1 285 60
c68 0 292 90
c69 1 292 27
c70 0 293 82
c71 0 296 3
c72 0 303 60
c73 1 311 9
c74 0 311 73
c75 0 314 72
c76 0 321 59
c77 0 323 79
c78 0 330 1
c79 1 338 38
c80 0 343 63
c81 0 348 9
c82 0 348 99
c83 1 354 39
c84 0 362 48
c85 1 370 50
c86 1 375 73
c87 1 381 21
c88 1 385 35
c89 0 385 29
c90 1 393 64
c91 0 400 12
c92 1 404 47
c93 0 406 44
c94 1 410 32
c95 1 417 25
c96 0 424 44
c97 1 427 19
c98 0 428 29
c99 0 430 74
c100 0 433 40
c101 0 442 40
c102 0 447 71
c103 1 456 29
c104 1 462 19
c105 1 469 17
c106 0 471 36
c107 0 471 41
c108 1 478 14
c109 0 483 70
c110 1 489 90
c111 0 493 2
c112 1 495 87
c113 1 504 33
c114 1 505 23
c115 1 507 73
c116 0 512 71
c117 1 514 32
c118 0 523 31
c119 1 531 97
c120 0 534 62
c121 0 538 89
c122 0 547 14
c123 0 547 31
c124 1 556 97
c125 0 558 6
c126 0 566 57
c127 1 573 96
c128 0 574 46
c129 1 582 21
c130 1 582 13
c131 1 588 70
c132 1 596 53
c133 0 599 79
c134 0 605 13
c135 1 608 57
c136 0 610 49
c137 1 614 70
c138 0 621 4
c139 1 625 69
c140 1 629 75
c141 0 634 1
c142 1 634 87
c143 1 636 1
c144 1 642 55
c145 1 644 88
c146 0 650 24
c147 0 657 29
c148 1 666 76
c149 1 674 69
c150 0 678 12
c151 0 684 72
c152 0 687 76
c153 1 689 8
c154 0 692 4
c155 1 695 99
c156 0 698 83
c157 1 706 60
c158 1 710 8
c159 0 711 85
c160 0 719 35
c161 1 725 66
c162 0 731 47
c163 0 734 15
c164 0 738 38
c165 0 742 6
c166 1 747 28
c167 1 751 43
c168 0 754 90
c169 1 755 16
c170 0 759 80
c171 0 764 27
c172 0 765 23
c173 0 772 37
c174 0 780 52
c175 1 780 43
c176 1 780 74
c177 0 786 6
c178 0 793 98
c179 1 794 45
c180 0 795 68
c181 1 802 5
c182 0 805 60
c183 1 810 55
c184 0 815 81
c185 0 823 94
c186 1 830 14
c187 0 836 60
c188 1 838 64
c189 0 842 23
c190 1 843 36
c191 1 847 45
c192 0 847 82
c193 0 851 11
c194 0 854 83
c195 1 856 41
c196 1 857 36
c197 1 865 3
c198 0 865 41
c199 1 874 73
c200 0 880 57
c201 1 884 6
c202 0 884 22
c203 1 889 79
c204 1 889 73
c205 0 889 25
c206 0 898 29
c207 0 902 24
c208 1 905 43
c209 0 909 21
c210 0 916 21
c211 1 918 36
c212 0 927 70
c213 1 928 10
c214 1 932 38
c215 1 935 9
c216 0 941 45
c217 0 948 51
c218 0 957 78
c219 0 965 66
c220 1 974 21
c221 1 983 90
c222 1 989 80
c223 1 990 58
c224 1 995 30
c225 1 1004 36
c226 0 1008 29
c227 0 1010 23
c228 0 1017 83
c229 0 1026 52
c230 1 1033 72
c231 0 1041 33
c232 1 1045 83
c233 0 1047 27
c234 1 1055 65
c235 1 1059 2
c236 0 1063 65
c237 1 1071 32
c238 0 1079 73
c239 1 1079 67
c240 1 1087 47
c241 0 1090 72
c242 1 1091 63
c243 1 1099 12
c244 1 1103 21
c245 0 1112 63
c246 0 1112 15
c247 1 1121 93
c248 1 1130 4
c249 1 1138 40
c250 0 1143 68
c251 0 1149 31
c252 0 1152 55
c253 1 1157 37
c254 0 1165 42
c255 1 1174 19
c256 0 1181 30
c257 1 1185 27
c258 0 1189 18
c259 1 1190 10
c260 0 1198 8
c261 1 1201 63
c262 1 1210 61
c263 0 1219 39
c264 1 1220 86
c265 0 1225 29
c266 0 1234 60
c267 0 1241 71
c268 0 1241 44
c269 1 1246 32
c270 1 1252 3
c271 0 1252 5
c272 1 1261 60
c273 0 1269 27
c274 1 1269 2
c275 1 1273 53
c276 0 1275 66
c277 0 1281 96
c278 1 1282 38
c279 0 1285 75
c280 1 1285 54
c281 1 1291 65
c282 0 1298 69
c283 1 1304 78
c284 0 1313 11
c285 0 1315 5
c286 0 1315 69
c287 1 1322 52
c288 0 1324 67
c289 1 1324 17
c290 1 1331 72
c291 1 1336 33
c292 0 1340 85
c293 1 1340 26
c294 0 1346 89
c295 1 1354 81
c296 1 1357 6
c297 1 1365 8
c298 1 1373 46
c299 1 1378 4
c300 1 1378 88
c301 1 1379 38
c302 0 1386 85
c303 1 1395 15
c304 0 1404 73
c305 1 1413 25
c306 0 1413 78
c307 1 1421 78
c308 1 1422 72
c309 0 1424 60
c310 1 1429 59
c311 1 1434 12
c312 0 1435 92
c313 1 1441 82
c314 1 1450 47
c315 0 1456 60
c316 1 1458 99
c317 1 1461 35
c318 0 1468 23
c319 0 1468 82
c320 1 1469 59
c321 1 1472 33
c322 0 1476 89
c323 0 1482 14
c324 1 1491 25
c325 1 1496 3
c326 0 1502 11
c327 0 1507 95
c328 1 1512 86
c329 1 1517 57
c330 1 1525 61
c331 0 1525 45
c332 0 1526 22
c333 0 1534 21
c334 0 1536 8
c335 0 1541 32
c336 1 1547 32
c337 1 1554 11
c338 0 1554 68
c339 1 1559 97
c340 0 1565 18
c341 1 1569 85
c342 0 1572 44
c343 0 1574 43
c344 0 1583 29
c345 0 1587 54
c346 1 1592 25
c347 0 1595 79
c348 0 1604 12
c349 1 1606 49
c350 1 1612 94
c351 1 1616 19
c352 0 1617 25
c353 0 1624 62
c354 0 1628 25
c355 1 1631 73
c356 1 1637 15
c357 0 1640 5
c358 1 1643 14
c359 0 1646 95
c360 0 1654 71
c361 0 1660 13
c362 0 1663 7
c363 0 1672 75
c364 1 1674 57
c365 0 1679 1
c366 0 1679 36
c367 0 1687 88
c368 0 1692 79
c369 0 1695 28
c370 0 1696 63
c371 1 1704 44
c372 0 1710 33
c373 0 1713 79
c374 1 1714 2
c375 1 1721 64
c376 0 1729 6
c377 1 1736 45
c378 0 1742 96
c379 1 1747 52
c380 1 1754 79
c381 0 1755 2
c382 1 1762 86
c383 0 1767 45
c384 1 1770 65
c385 1 1778 22
c386 0 1779 88
c387 1 1779 25
c388 1 1787 59
c389 0 1789 22
c390 1 1793 98
c391 0 1796 49
c392 0 1802 74
c393 1 1805 89
c394 1 1807 77
c395 1 1815 37
c396 1 1821 47
c397 0 1827 56
c398 1 1836 73
c399 0 1837 23
c400 0 1837 52
c401 1 1839 73
c402 0 1845 36
c403 0 1845 82
c404 0 1848 98
c405 0 1853 38
c406 1 1861 87
c407 1 1861 64
c408 1 1870 55
c409 1 1871 85
c410 1 1877 42
c411 1 1883 97
c412 0 1889 37
c413 0 1892 26
c414 0 1896 90
c415 0 1902 49
c416 0 1911 69
c417 1 1915 57
c418 0 1919 96
c419 0 1923 85
c420 1 1928 48
c421 0 1931 16
c422 1 1937 30
c423 1 1943 59
c424 0 1951 57
c425 0 1958 51
c426 1 1965 74
c427 0 1967 60
c428 0 1973 44
c429 0 1980 45
c430 1 1989 97
c431 0 1997 13
c432 1 1998 17
c433 0 2000 60
c434 1 2000 20
c435 1 2006 24
c436 0 2009 55
c437 1 2015 44
c438 1 2022 67
c439 1 2027 92
c440 0 2032 18
c441 0 2040 72
c442 1 2044 16
c443 0 2050 13
c444 0 2055 44
c445 1 2062 47
c446 1 2064 76
c447 0 2065 71
c448 0 2074 40
c449 1 2074 11
c450 1 2082 67
c451 1 2086 58
c452 1 2087 40
c453 0 2095 90
c454 1 2104 84
c455 0 2111 24
c456 1 2111 6
c457 0 2117 32
c458 1 2119 50
c459 1 2122 85
c460 1 2127 92
c461 0 2135 97
c462 0 2144 93
c463 1 2144 63
c464 1 2153 81
c465 0 2159 25
c466 1 2164 99
c467 1 2167 14
c468 1 2174 70
c469 1 2174 52
c470 1 2176 35
c471 1 2184 80
c472 0 2190 73
c473 1 2198 22
c474 0 2203 14
c475 0 2209 25
c476 0 2213 48
c477 1 2218 42
c478 0 2227 54
c479 0 2227 94
c480 0 2233 17
c481 0 2239 89
c482 0 2248 40
c483 0 2256 84
c484 0 2263 80
c485 0 2264 16
c486 0 2267 31
c487 0 2273 50
c488 1 2281 63
c489 0 2281 70
c490 0 2290 25
c491 0 2292 14
c492 0 2294 60
c493 0 2298 71
c494 0 2306 41
c495 1 2309 13
c496 1 2315 80
c497 0 2318 4
c498 1 2319 3
c499 1 2328 51
c500 0 2332 94
