c00 1 0 21
c01 1 2 23
c02 1 11 96
c03 0 20 67
c04 0 22 87
c05 0 24 58
c06 1 28 58
c07 1 28 72
c08 0 33 50
c09 0 34 6
c10 0 37 59
c11 0 39 93
c12 0 47 92
c13 1 48 71
c14 1 49 63
c15 1 49 82
c16 1 58 95
c17 1 61 92
c18 0 69 58
c19 0 75 17
c20 1 83 51
c21 1 89 59
c22 1 96 66
c23 0 105 32
c24 1 112 69
c25 1 113 80
c26 1 115 26
c27 1 117 12
c28 0 120 21
c29 1 129 25
c30 1 131 15
c31 1 137 45
c32 0 140 36
c33 1 149 76
c34 0 155 85
c35 1 155 93
c36 0 161 92
c37 0 168 99
c38 1 174 55
c39 1 183 5
c40 1 189 64
c41 1 189 21
c42 0 190 98
c43 0 191 3
c44 1 195 48
c45 0 197 41
c46 0 204 17
c47 1 204 33
c48 0 213 5
c49 1 218 21
c50 1 219 67
c51 1 224 94
c52 0 224 69
c53 1 231 8
c54 1 239 42
c55 1 242 87
c56 0 243 65
c57 0 247 46
c58 1 252 90
c59 1 253 71
c60 1 261 29
c61 1 267 72
c62 0 276 34
c63 1 280 24
c64 1 283 74
c65 0 284 92
c66 1 290 65
c67 1 292 13
c68 1 293 17
c69 0 293 31
c70 0 295 94
c71 0 298 41
c72 1 300 95
c73 0 302 24
c74 0 310 47
c75 0 310 8
c76 0 317 64
c77 1 318 21
c78 1 324 12
c79 0 332 33
c80 1 339 26
c81 0 339 60
c82 0 339 47
c83 0 341 30
c84 1 345 71
c85 1 347 11
c86 0 350 14
c87 1 357 11
c88 1 359 56
c89 1 360 7
c90 0 367 96
c91 1 371 46
c92 0 375 44
c93 0 376 21
c94 0 384 90
c95 1 384 33
c96 0 384 60
c97 1 390 56
c98 1 392 16
c99 0 396 45
c100 1 405 39
c101 0 410 88
c102 0 411 1
c103 1 415 1
c104 1 415 35
c105 0 418 66
c106 1 422 83
c107 0 425 38
c108 1 426 41
c109 1 435 40
c110 1 435 72
c111 1 437 30
c112 1 438 86
c113 0 440 11
c114 0 442 18
c115 1 444 85
c116 0 449 82
c117 1 449 2
c118 0 455 57
c119 1 464 28
c120 1 467 39
c121 0 467 22
c122 0 468 62
c123 1 475 78
c124 1 479 58
c125 1 483 91
c126 1 488 82
c127 1 488 21
c128 0 497 8
c129 1 497 6
c130 1 504 82
c131 1 512 64
c132 0 517 78
c133 0 525 84
c134 0 532 47
c135 0 535 85
c136 1 541 29
c137 0 548 53
c138 1 550 80
c139 0 558 17
c140 1 560 51
c141 1 561 3
c142 0 568 16
c143 0 572 60
c144 0 577 15
c145 1 581 75
c146 0 583 86
c147 0 585 88
c148 0 590 42
c149 0 593 34
c150 0 601 39
c151 1 605 5
c152 0 612 27
c153 1 614 95
c154 1 622 9
c155 0 627 82
c156 1 632 30
c157 0 641 80
c158 0 645 59
c159 0 651 47
c160 0 653 34
c161 1 662 11
c162 0 663 72
c163 1 670 29
c164 1 678 69
c165 1 683 62
c166 0 691 24
c167 0 699 95
c168 0 702 81
c169 1 702 42
c170 1 707 94
c171 1 715 13
c172 1 722 49
c173 0 724 51
c174 0 726 69
c175 1 735 34
c176 0 741 71
c177 1 741 44
c178 1 744 92
c179 0 747 42
c180 1 753 84
c181 0 757 66
c182 1 758 52
c183 1 760 81
c184 0 765 70
c185 1 770 36
c186 1 776 44
c187 1 784 55
c188 0 787 6
c189 0 788 13
c190 0 789 64
c191 0 797 99
c192 1 799 80
c193 1 808 68
c194 1 816 23
c195 1 822 33
c196 1 822 9
c197 0 823 77
c198 1 825 32
c199 1 829 60
c200 1 837 54
c201 0 839 19
c202 0 841 46
c203 0 849 28
c204 0 857 98
c205 0 862 96
c206 0 862 74
c207 0 865 81
c208 1 872 3
c209 1 880 86
c210 0 889 7
c211 1 894 6
c212 0 899 43
c213 0 902 21
c214 1 909 73
c215 0 911 82
c216 1 915 82
c217 0 922 28
c218 1 928 84
c219 0 934 98
c220 0 943 32
c221 0 948 81
c222 0 949 29
c223 1 952 54
c224 1 959 71
c225 0 959 82
c226 0 967 71
c227 1 974 99
c228 0 980 22
c229 1 988 66
c230 1 993 33
c231 0 1002 87
c232 0 1011 59
c233 1 1012 93
c234 1 1012 20
c235 0 1019 7
c236 0 1026 93
c237 0 1028 24
c238 1 1032 72
c239 0 1034 49
c240 1 1042 32
c241 0 1046 23
c242 0 1047 49
c243 1 1047 60
c244 0 1053 21
c245 0 1055 41
c246 0 1056 18
c247 1 1060 57
c248 0 1065 55
c249 0 1073 38
c250 1 1080 4
c251 0 1083 30
c252 1 1085 68
c253 0 1094 57
c254 1 1099 65
c255 0 1108 1
c256 1 1111 84
c257 0 1118 56
c258 0 1118 95
c259 0 1118 46
c260 0 1118 11
c261 0 1121 69
c262 1 1129 84
c263 0 1132 99
c264 0 1137 38
c265 0 1142 46
c266 1 1146 51
c267 1 1147 41
c268 1 1155 67
c269 0 1163 97
c270 0 1163 35
c271 0 1165 89
c272 1 1170 81
c273 1 1179 5
c274 0 1187 63
c275 1 1196 18
c276 1 1203 3
c277 1 1203 94
c278 0 1204 20
c279 0 1209 85
c280 0 1217 55
c281 1 1222 21
c282 1 1226 44
c283 0 1232 1
c284 1 1236 71
c285 1 1242 40
c286 0 1243 41
c287 1 1244 37
c288 1 1247 75
c289 0 1248 87
c290 0 1256 71
c291 0 1258 93
c292 1 1262 19
c293 1 1264 20
c294 0 1266 71
c295 0 1266 86
c296 0 1270 60
c297 1 1276 98
c298 1 1285 79
c299 0 1289 38
c300 0 1297 23
c301 1 1299 79
c302 0 1307 77
c303 0 1311 78
c304 1 1314 18
c305 0 1318 53
c306 0 1325 52
c307 0 1334 40
c308 0 1336 3
c309 1 1344 86
c310 0 1351 76
c311 0 1358 77
c312 0 1363 35
c313 1 1367 97
c314 1 1369 45
c315 0 1372 96
c316 1 1381 15
c317 0 1388 29
c318 0 1396 56
c319 1 1397 76
c320 1 1397 23
c321 1 1399 95
c322 0 1405 21
c323 1 1411 95
c324 1 1416 95
c325 1 1422 83
c326 0 1423 86
c327 1 1429 29
c328 1 1431 46
c329 1 1440 25
c330 0 1448 86
c331 1 1454 67
c332 1 1457 99
c333 0 1458 90
c334 0 1461 61
c335 0 1468 17
c336 1 1472 50
c337 0 1474 12
c338 0 1478 4
c339 0 1482 50
c340 1 1490 57
c341 0 1490 27
c342 0 1493 38
c343 0 1496 7
c344 1 1498 84
c345 1 1501 17
c346 1 1510 59
c347 1 1513 6
c348 0 1522 73
c349 1 1528 11
c350 0 1537 53
c351 0 1543 53
c352 0 1550 58
c353 0 1551 70
c354 0 1555 38
c355 0 1563 70
c356 1 1565 2
c357 0 1574 89
c358 1 1583 60
c359 1 1587 1
c360 0 1592 15
c361 0 1601 81
c362 0 1608 71
c363 0 1608 10
c364 0 1615 57
c365 0 1623 81
c366 0 1623 80
c367 0 1624 34
c368 0 1629 69
c369 1 1631 68
c370 0 1633 96
c371 1 1638 93
c372 1 1640 30
c373 1 1643 49
c374 1 1648 47
c375 1 1653 61
c376 0 1657 39
c377 0 1662 59
c378 0 1664 87
c379 0 1673 14
c380 0 1679 92
c381 1 1685 11
c382 0 1692 42
c383 0 1696 36
c384 1 1700 48
c385 0 1704 65
c386 1 1705 37
c387 0 1712 22
c388 1 1718 99
c389 0 1724 27
c390 0 1731 7
c391 1 1732 82
c392 0 1735 55
c393 1 1739 96
c394 0 1742 76
c395 0 1751 93
c396 1 1758 55
c397 0 1759 28
c398 1 1765 60
c399 0 1767 34
c400 1 1772 16
c401 1 1772 88
c402 0 1774 13
c403 0 1777 86
c404 1 1778 17
c405 1 1783 94
c406 0 1787 29
c407 0 1787 5
c408 0 1787 67
c409 0 1789 26
c410 0 1795 26
c411 0 1796 47
c412 1 1805 54
c413 0 1807 39
c414 0 1815 93
c415 0 1818 77
c416 1 1826 21
c417 1 1830 68
c418 1 1838 30
c419 1 1839 53
c420 0 1840 88
c421 1 1847 82
c422 0 1850 68
c423 1 1859 98
c424 0 1868 51
c425 1 1876 4
c426 1 1882 19
c427 1 1885 32
c428 0 1892 14
c429 0 1892 10
c430 1 1892 91
c431 1 1900 89
c432 1 1903 98
c433 0 1909 75
c434 1 1917 84
c435 1 1925 90
c436 1 1926 28
c437 1 1930 73
c438 1 1931 14
c439 0 1931 36
c440 0 1938 28
c441 1 1940 10
c442 1 1946 14
c443 1 1953 12
c444 1 1959 85
c445 1 1966 60
c446 0 1968 25
c447 0 1974 21
c448 0 1976 16
c449 1 1983 51
c450 0 1984 51
c451 0 1986 66
c452 0 1993 77
c453 0 1995 61
c454 1 1997 42
c455 0 1997 82
c456 0 1999 97
c457 0 2001 49
c458 1 2008 76
c459 1 2009 87
c460 1 2014 35
c461 1 2017 11
c462 1 2024 35
c463 1 2026 36
c464 1 2032 69
c465 1 2037 20
c466 1 2040 89
c467 1 2047 76
c468 0 2051 81
c469 0 2054 36
c470 1 2055 47
c471 1 2059 38
c472 1 2062 47
c473 1 2065 32
c474 0 2071 75
c475 1 2071 45
c476 1 2071 64
c477 1 2079 80
c478 1 2085 13
c479 1 2093 14
c480 1 2102 2
c481 0 2110 6
c482 0 2117 21
c483 0 2122 17
c484 0 2122 6
c485 1 2122 10
c486 1 2124 31
c487 0 2132 91
c488 1 2133 95
c489 0 2140 57
c490 0 2141 31
c491 1 2147 68
c492 0 2153 99
c493 1 2155 92
c494 1 2159 61
c495 1 2168 68
c496 1 2170 95
c497 1 2176 1
c498 0 2179 11
c499 0 2187 14
c500 1 2188 2
