c00 0 0 33
c01 0 8 25
c02 1 14 10
c03 0 16 39
c04 1 20 29
c05 1 26 79
c06 1 35 18
c07 1 35 42
c08 1 43 52
c09 1 43 11
c10 0 48 77
c11 0 51 48
c12 1 59 94
c13 0 65 70
c14 0 66 54
c15 1 71 79
c16 0 77 40
c17 1 77 61
c18 0 82 96
c19 0 91 24
c20 0 97 91
c21 0 102 5
c22 0 109 85
c23 0 116 9
c24 0 124 77
c25 1 131 60
c26 0 132 65
c27 1 133 75
c28 1 133 90
c29 1 142 66
c30 1 150 45
c31 0 156 66
c32 0 158 63
c33 1 164 1
c34 1 171 71
c35 1 177 35
c36 0 178 86
c37 1 181 92
c38 1 183 19
c39 1 189 93
c40 0 193 78
c41 0 195 13
c42 1 200 2
c43 1 209 34
c44 1 210 51
c45 0 213 53
c46 1 220 36
c47 0 224 69
c48 0 227 52
c49 0 232 54
c50 0 232 80
c51 0 235 29
c52 0 238 33
c53 1 242 53
c54 0 247 46
c55 1 255 70
c56 1 258 70
c57 1 264 98
c58 0 264 94
c59 1 269 55
c60 0 273 24
c61 0 279 47
c62 1 288 18
c63 0 293 76
c64 0 300 4
c65 0 305 86
c66 1 306 43
c67 1 313 94
c68 0 320 85
c69 1 322 7
c70 1 331 40
c71 1 335 98
c72 1 341 4
c73 0 348 62
c74 1 355 21
c75 1 364 41
c76 1 370 28
c77 0 372 70
c78 0 372 38
c79 1 378 6
c80 1 379 21
c81 1 384 96
c82 1 393 46
c83 1 400 86
c84 1 400 81
c85 0 409 61
c86 0 413 13
c87 1 415 13
c88 1 419 85
c89 0 428 96
c90 0 435 87
c91 1 436 51
c92 0 438 80
c93 1 442 69
c94 1 450 55
c95 1 455 14
c96 0 458 31
c97 0 463 68
c98 0 463 86
c99 1 465 97
c100 0 473 44
c101 1 479 96
c102 0 486 85
c103 1 492 49
c104 1 499 94
c105 0 505 44
c106 1 507 89
c107 0 508 40
c108 0 513 23
c109 1 513 96
c110 1 520 28
c111 0 522 51
c112 1 529 75
c113 0 530 73
c114 0 534 1
c115 0 541 23
c116 0 541 73
c117 0 542 84
c118 0 542 16
c119 1 546 23
c120 0 555 83
c121 1 564 54
c122 1 569 27
c123 1 577 17
c124 1 581 27
c125 0 586 57
c126 0 586 87
c127 1 594 98
c128 0 602 81
c129 0 607 56
c130 0 611 87
c131 1 615 59
c132 0 616 43
c133 0 618 90
c134 1 623 96
c135 0 632 8
c136 1 636 23
c137 0 642 7
c138 0 648 40
c139 1 650 73
c140 0 656 12
c141 0 663 52
c142 1 671 10
c143 0 674 14
c144 1 679 8
c145 0 688 31
c146 0 694 68
c147 0 701 7
c148 1 706 38
c149 1 714 76
c150 1 718 39
c151 0 726 25
c152 1 735 83
c153 0 744 90
c154 0 752 6
c155 0 754 85
c156 0 762 75
c157 0 764 35
c158 1 766 51
c159 0 775 8
c160 0 775 93
c161 1 781 11
c162 0 788 86
c163 0 797 11
c164 0 806 44
c165 0 815 60
c166 0 820 96
c167 0 825 5
c168 0 828 15
c169 0 829 13
c170 0 832 3
c171 0 840 37
c172 1 849 63
c173 0 850 83
c174 1 852 93
c175 1 852 47
c176 0 856 28
c177 0 857 27
c178 1 857 85
c179 1 865 21
c180 0 871 37
c181 1 872 96
c182 0 881 41
c183 1 884 79
c184 0 889 87
c185 0 894 38
c186 0 898 79
c187 1 902 89
c188 1 911 33
c189 1 916 3
c190 1 916 72
c191 0 921 28
c192 1 926 50
c193 1 927 65
c194 1 935 12
c195 0 942 87
c196 1 943 62
c197 0 952 56
c198 0 952 42
c199 0 952 76
c200 0 958 87
c201 0 967 93
c202 1 973 32
c203 0 980 93
c204 1 988 79
c205 0 996 17
c206 1 996 50
c207 1 996 66
c208 0 1002 28
c209 0 1002 5
c210 0 1003 12
c211 0 1004 35
c212 1 1006 40
c213 1 1014 64
c214 1 1019 18
c215 0 1019 56
c216 1 1026 58
c217 1 1030 68
c218 0 1031 35
c219 1 1032 17
c220 1 1039 86
c221 0 1045 79
c222 1 1049 21
c223 0 1058 40
c224 1 1061 70
c225 0 1061 6
c226 1 1070 91
c227 0 1073 72
c228 1 1078 54
c229 1 1085 14
c230 1 1085 24
c231 0 1087 80
c232 1 1087 83
c233 0 1090 37
c234 0 1093 32
c235 0 1098 39
c236 1 1100 3
c237 0 1107 73
c238 0 1110 95
c239 1 1112 95
c240 0 1114 7
c241 0 1118 88
c242 0 1122 79
c243 1 1127 58
c244 1 1136 77
c245 1 1142 46
c246 0 1148 72
c247 1 1156 37
c248 0 1160 8
c249 1 1160 11
c250 0 1166 43
c251 1 1172 92
c252 0 1177 66
c253 1 1180 63
c254 1 1189 35
c255 1 1194 83
c256 1 1199 41
c257 0 1203 53
c258 0 1211 60
c259 1 1218 96
c260 0 1227 98
c261 1 1227 3
c262 1 1232 52
c263 1 1241 91
c264 1 1243 66
c265 0 1248 93
c266 1 1252 22
c267 0 1258 42
c268 1 1266 53
c269 1 1269 87
c270 1 1278 1
c271 0 1285 24
c272 0 1289 70
c273 0 1296 26
c274 0 1305 92
c275 0 1314 4
c276 0 1316 25
c277 0 1319 61
c278 1 1322 48
c279 0 1323 27
c280 1 1326 21
c281 1 1329 71
c282 0 1332 78
c283 0 1336 29
c284 0 1337 96
c285 1 1342 23
c286 1 1349 67
c287 1 1350 33
c288 0 1356 32
c289 1 1364 65
c290 0 1372 73
c291 0 1379 6
c292 0 1382 95
c293 1 1389 67
c294 0 1390 48
c295 1 1394 94
c296 0 1400 21
c297 0 1404 35
c298 0 1407 21
c299 0 1415 50
c300 1 1420 5
c301 0 1422 90
c302 0 1422 72
c303 0 1430 69
c304 1 1439 2
c305 1 1442 55
c306 0 1446 27
c307 0 1452 93
c308 1 1459 24
c309 1 1460 64
c310 1 1469 62
c311 0 1478 40
c312 0 1480 83
c313 1 1488 85
c314 1 1491 96
c315 1 1493 71
c316 0 1502 18
c317 1 1504 36
c318 0 1511 76
c319 1 1516 96
c320 0 1524 89
c321 1 1526 76
c322 0 1530 20
c323 0 1530 67
c324 1 1532 80
c325 0 1534 39
c326 0 1537 53
c327 0 1542 11
c328 0 1543 10
c329 0 1546 63
c330 1 1547 25
c331 0 1551 61
c332 1 1556 2
c333 1 1557 88
c334 1 1564 9
c335 1 1568 55
c336 0 1572 56
c337 0 1581 97
c338 0 1586 83
c339 0 1587 42
c340 1 1596 35
c341 1 1597 49
c342 0 1606 6
c343 0 1612 22
c344 1 1614 77
c345 1 1614 43
c346 0 1614 53
c347 0 1615 61
c348 0 1615 76
c349 1 1624 25
c350 1 1632 92
c351 1 1641 63
c352 1 1644 91
c353 1 1652 24
c354 1 1656 16
c355 1 1656 85
c356 0 1656 64
c357 0 1658 91
c358 0 1659 46
c359 1 1664 3
c360 0 1666 70
c361 1 1671 32
c362 1 1677 61
c363 0 1685 20
c364 1 1685 41
c365 1 1691 69
c366 0 1694 48
c367 1 1700 50
c368 0 1703 46
c369 0 1707 24
c370 0 1711 27
c371 0 1713 40
c372 1 1714 20
c373 1 1718 36
c374 0 1726 89
c375 1 1731 66
c376 0 1736 15
c377 1 1738 12
c378 1 1740 93
c379 1 1741 7
c380 0 1742 13
c381 1 1749 28
c382 1 1756 34
c383 0 1759 38
c384 0 1760 1
c385 0 1768 13
c386 0 1777 56
c387 1 1785 40
c388 1 1792 68
c389 1 1800 68
c390 1 1807 13
c391 0 1814 19
c392 1 1814 62
c393 0 1820 4
c394 1 1826 52
c395 1 1827 72
c396 1 1833 14
c397 1 1833 47
c398 1 1837 26
c399 1 1843 61
c400 1 1844 23
c401 1 1845 19
c402 0 1849 34
c403 1 1853 1
c404 0 1860 99
c405 1 1862 76
c406 0 1865 19
c407 1 1871 40
c408 0 1876 91
c409 0 1883 91
c410 0 1886 48
c411 1 1889 66
c412 0 1898 43
c413 0 1906 35
c414 0 1912 32
c415 1 1914 64
c416 1 1922 94
c417 0 1930 64
c418 1 1930 3
c419 0 1936 56
c420 1 1941 15
c421 1 1943 90
c422 0 1945 52
c423 1 1947 84
c424 0 1950 55
c425 1 1953 98
c426 0 1955 37
c427 1 1960 71
c428 1 1960 11
c429 1 1961 76
c430 0 1965 12
c431 0 1973 8
c432 1 1977 75
c433 1 1979 18
c434 0 1988 35
c435 1 1992 20
c436 1 1998 60
c437 0 2006 7
c438 0 2015 92
c439 1 2019 28
c440 1 2019 47
c441 0 2021 4
c442 1 2021 41
c443 1 2030 99
c444 0 2037 87
c445 1 2040 60
c446 1 2044 13
c447 1 2046 83
c448 1 2048 77
c449 0 2050 93
c450 0 2051 78
c451 1 2057 41
c452 0 2057 42
c453 0 2057 68
c454 1 2064 58
c455 1 2067 54
c456 0 2070 81
c457 1 2074 81
c458 0 2075 27
c459 1 2076 54
c460 0 2084 77
c461 0 2089 46
c462 0 2098 9
c463 0 2107 89
c464 0 2116 4
c465 0 2120 60
c466 0 2129 57
c467 0 2136 67
c468 1 2137 52
c469 0 2145 78
c470 0 2145 60
c471 1 2154 24
c472 1 2157 77
c473 0 2163 32
c474 1 2167 30
c475 0 2176 59
c476 1 2180 19
c477 0 2184 87
c478 0 2193 7
c479 1 2196 20
c480 1 2202 29
c481 1 2202 66
c482 1 2203 43
c483 0 2209 81
c484 1 2211 19
c485 0 2220 68
c486 1 2229 12
c487 1 2233 87
c488 0 2234 56
c489 0 2237 15
c490 0 2240 99
c491 0 2242 79
c492 1 2249 73
c493 0 2253 63
c494 1 2258 74
c495 0 2260 72
c496 1 2269 49
c497 0 2277 5
c498 0 2280 3
c499 1 2284 86
c500 1 2292 18
