c00 1 0 55
c01 1 3 84
c02 1 12 36
c03 0 19 23
c04 1 20 29
c05 1 21 84
c06 1 22 42
c07 1 26 70
c08 0 32 99
c09 1 33 89
c10 1 40 74
c11 1 45 33
c12 1 49 24
c13 0 52 40
c14 0 58 14
c15 1 64 73
c16 1 67 76
c17 0 69 85
c18 0 72 70
c19 1 80 39
c20 1 84 68
c21 0 89 63
c22 0 94 51
c23 1 94 72
c24 1 98 87
c25 0 101 7
c26 1 108 40
c27 0 110 45
c28 1 116 88
c29 0 119 96
c30 1 122 3
c31 1 126 77
c32 1 131 66
c33 1 134 25
c34 0 135 59
c35 1 136 87
c36 1 139 78
c37 0 145 56
c38 1 146 42
c39 0 146 92
c40 0 151 62
c41 1 152 75
c42 1 158 25
c43 1 158 36
c44 0 164 74
c45 1 170 54
c46 1 174 40
c47 1 179 53
c48 1 181 10
c49 0 187 6
c50 1 196 39
c51 1 200 68
c52 1 200 77
c53 1 201 74
c54 0 204 20
c55 0 210 13
c56 1 217 48
c57 0 217 83
c58 0 217 63
c59 0 222 27
c60 0 228 48
c61 0 229 45
c62 1 234 9
c63 0 237 94
c64 1 238 19
c65 0 246 42
c66 1 247 39
c67 1 251 95
c68 0 259 77
c69 1 268 55
c70 0 274 67
c71 0 276 61
c72 1 282 44
c73 0 286 40
c74 0 293 70
c75 0 300 43
c76 0 306 91
c77 1 311 64
c78 1 319 42
c79 1 323 70
c80 1 325 12
c81 0 328 53
c82 0 332 13
c83 1 333 48
c84 0 335 32
c85 0 336 33
c86 1 342 65
c87 0 349 18
c88 0 350 53
c89 1 352 41
c90 1 355 57
c91 0 363 92
c92 0 366 86
c93 0 372 38
c94 0 372 8
c95 1 373 33
c96 0 375 54
c97 0 383 89
c98 0 387 17
c99 1 389 53
c100 0 394 84
c101 1 394 77
c102 1 397 13
c103 1 400 55
c104 0 402 38
c105 1 408 67
c106 0 408 48
c107 0 417 30
c108 0 423 33
c109 0 425 76
c110 0 430 37
c111 1 434 58
c112 0 438 65
c113 1 440 57
c114 1 443 95
c115 0 451 68
c116 1 457 71
c117 1 462 39
c118 1 469 34
c119 0 475 11
c120 1 482 18
c121 1 486 28
c122 0 488 88
c123 0 496 54
c124 1 501 85
c125 1 502 30
c126 0 506 98
c127 0 507 10
c128 0 507 97
c129 1 512 55
c130 0 512 55
c131 1 521 49
c132 0 526 45
c133 1 535 95
c134 1 542 80
c135 0 550 52
c136 1 557 38
c137 0 565 23
c138 0 571 83
c139 1 574 20
c140 0 579 83
c141 0 586 39
c142 1 588 80
c143 0 597 41
c144 1 601 63
c145 0 609 11
c146 1 617 63
c147 1 619 21
c148 0 622 82
c149 0 630 39
c150 1 639 25
c151 0 646 45
c152 0 647 45
c153 0 653 96
c154 1 657 4
c155 1 658 21
c156 0 660 37
c157 0 667 56
c158 1 673 18
c159 1 676 50
c160 0 680 92
c161 0 681 16
c162 0 688 70
c163 0 688 75
c164 1 689 41
c165 1 696 55
c166 1 700 49
c167 0 707 34
c168 1 714 37
c169 0 722 94
c170 1 724 57
c171 0 733 20
c172 0 740 12
c173 1 745 18
c174 0 748 20
c175 1 752 4
c176 0 758 39
c177 0 767 62
c178 0 768 46
c179 1 772 80
c180 0 779 79
c181 1 781 62
c182 1 781 64
c183 0 785 52
c184 0 786 61
c185 0 794 96
c186 0 794 38
c187 1 795 51
c188 0 804 16
c189 1 805 4
c190 0 806 82
c191 1 808 67
c192 0 809 86
c193 0 817 21
c194 1 820 43
c195 1 824 2
c196 0 830 93
c197 0 830 36
c198 0 832 74
c199 0 834 72
c200 1 835 37
c201 0 844 81
c202 0 853 68
c203 1 855 58
c204 1 863 38
c205 1 872 99
c206 1 878 62
c207 0 884 73
c208 1 884 53
c209 0 887 49
c210 0 893 70
c211 0 902 21
c212 1 906 77
c213 0 909 78
c214 1 916 6
c215 1 924 51
c216 0 928 3
c217 1 932 45
c218 1 937 56
c219 0 941 86
c220 1 941 19
c221 0 945 45
c222 1 948 6
c223 0 954 41
c224 0 954 73
c225 1 955 30
c226 0 959 22
c227 0 959 79
c228 0 963 41
c229 1 966 4
c230 0 973 43
c231 1 980 21
c232 0 985 94
c233 0 987 42
c234 1 989 26
c235 1 994 61
c236 1 999 88
c237 0 1001 46
c238 0 1004 6
c239 1 1010 64
c240 0 1018 82
c241 1 1026 15
c242 0 1031 6
c243 1 1036 23
c244 0 1040 19
c245 0 1042 45
c246 1 1043 22
c247 1 1044 50
c248 1 1047 10
c249 0 1049 30
c250 1 1056 29
c251 1 1060 44
c252 1 1065 41
c253 0 1074 32
c254 1 1080 87
c255 1 1082 27
c256 1 1088 45
c257 0 1097 37
c258 0 1105 35
c259 0 1114 89
c260 0 1123 18
c261 0 1130 1
c262 0 1132 34
c263 0 1133 96
c264 0 1142 19
c265 1 1143 93
c266 1 1147 45
c267 0 1153 34
c268 1 1157 18
c269 1 1162 31
c270 1 1163 51
c271 1 1165 66
c272 1 1171 96
c273 0 1176 89
c274 0 1185 20
c275 1 1185 85
c276 1 1194 41
c277 0 1197 87
c278 0 1200 74
c279 1 1206 76
c280 0 1214 90
c281 0 1216 79
c282 0 1223 58
c283 0 1225 15
c284 0 1231 25
c285 1 1235 11
c286 1 1244 12
c287 0 1244 55
c288 0 1247 80
c289 1 1251 23
c290 1 1253 8
c291 0 1259 61
c292 0 1259 34
c293 0 1263 59
c294 0 1263 71
c295 1 1269 43
c296 0 1275 59
c297 1 1282 46
c298 1 1288 76
c299 1 1291 90
c300 1 1300 9
c301 0 1303 45
c302 1 1307 3
c303 0 1312 4
c304 0 1318 90
c305 1 1319 79
c306 1 1326 43
c307 1 1332 38
c308 1 1334 5
c309 1 1341 38
c310 0 1341 50
c311 0 1349 88
c312 1 1358 14
c313 0 1364 26
c314 0 1365 42
c315 1 1372 44
c316 0 1380 54
c317 0 1384 64
c318 0 1389 51
c319 0 1396 73
c320 1 1403 78
c321 1 1412 29
c322 1 1416 55
c323 0 1421 9
c324 1 1424 65
c325 0 1433 84
c326 1 1436 43
c327 1 1444 45
c328 0 1446 11
c329 1 1446 18
c330 0 1451 37
c331 0 1456 34
c332 1 1464 74
c333 1 1472 83
c334 0 1478 18
c335 0 1478 57
c336 1 1480 65
c337 1 1485 81
c338 0 1485 37
c339 1 1490 44
c340 0 1496 68
c341 0 1499 19
c342 1 1503 69
c343 1 1506 13
c344 1 1510 77
c345 1 1519 89
c346 0 1524 99
c347 0 1526 18
c348 0 1529 99
c349 0 1532 47
c350 0 1538 61
c351 0 1543 70
c352 0 1548 69
c353 0 1551 19
c354 1 1551 24
c355 1 1552 48
c356 1 1558 69
c357 0 1567 52
c358 1 1572 22
c359 1 1572 89
c360 0 1575 9
c361 1 1578 80
c362 1 1581 69
c363 1 1583 94
c364 0 1583 14
c365 0 1589 91
c366 0 1594 94
c367 0 1598 35
c368 0 1601 37
c369 1 1606 77
c370 1 1608 32
c371 0 1611 67
c372 1 1613 72
c373 1 1615 87
c374 0 1624 50
c375 1 1627 18
c376 0 1636 17
c377 1 1636 48
c378 1 1645 35
c379 0 1653 54
c380 1 1655 20
c381 1 1655 33
c382 0 1664 41
c383 0 1665 15
c384 0 1667 5
c385 1 1671 43
c386 0 1680 10
c387 0 1687 58
c388 0 1690 91
c389 0 1699 88
c390 0 1707 64
c391 1 1713 17
c392 1 1717 9
c393 1 1718 98
c394 1 1718 89
c395 1 1720 94
c396 1 1727 72
c397 0 1730 67
c398 0 1734 50
c399 0 1743 20
c400 1 1746 79
c401 1 1750 33
c402 1 1755 38
c403 0 1755 41
c404 1 1759 29
c405 0 1764 46
c406 1 1770 72
c407 1 1771 47
c408 0 1780 18
c409 0 1781 75
c410 0 1782 78
c411 1 1783 37
c412 0 1788 81
c413 0 1796 87
c414 0 1800 10
c415 1 1803 36
c416 0 1811 11
c417 1 1817 28
c418 0 1826 18
c419 1 1834 79
c420 1 1840 32
c421 1 1847 75
c422 0 1847 98
c423 0 1849 19
c424 0 1852 41
c425 1 1861 97
c426 0 1867 57
c427 1 1874 5
c428 1 1878 48
c429 1 1884 30
c430 1 1886 26
c431 1 1894 56
c432 1 1902 97
c433 0 1903 63
c434 1 1912 96
c435 1 1920 40
c436 0 1921 66
c437 0 1923 29
c438 0 1923 6
c439 0 1926 25
c440 0 1932 10
c441 1 1941 25
c442 1 1949 10
c443 0 1958 44
c444 0 1966 92
c445 0 1973 83
c446 1 1977 11
c447 1 1984 79
c448 0 1989 31
c449 0 1998 97
c450 0 1998 65
c451 1 2005 63
c452 1 2013 41
c453 0 2014 25
c454 1 2016 64
c455 0 2024 66
c456 0 2027 1
c457 0 2027 57
c458 0 2034 92
c459 0 2038 8
c460 1 2040 80
c461 0 2042 64
c462 1 2050 91
c463 1 2050 1
c464 0 2058 8
c465 1 2059 47
c466 1 2060 97
c467 1 2063 35
c468 0 2066 92
c469 1 2070 27
c470 0 2076 83
c471 0 2082 9
c472 0 2085 1
c473 0 2088 23
c474 0 2092 24
c475 1 2094 45
c476 1 2094 80
c477 0 2096 41
c478 1 2105 37
c479 0 2105 88
c480 0 2106 1
c481 1 2115 81
c482 0 2116 19
c483 0 2125 19
c484 1 2131 98
c485 0 2139 54
c486 1 2142 80
c487 1 2142 5
c488 0 2146 23
c489 1 2146 79
c490 0 2147 82
c491 0 2155 76
c492 1 2160 86
c493 0 2164 90
c494 0 2165 67
c495 0 2170 43
c496 1 2176 76
c497 0 2182 82
c498 0 2185 19
c499 0 2190 11
c500 0 2193 79
