c00 0 0 17
c01 0 6 83
c02 0 11 73
c03 1 14 38
c04 1 17 62
c05 1 22 11
c06 0 22 77
c07 0 24 51
c08 0 30 76
c09 1 38 93
c10 1 47 86
c11 0 54 70
c12 0 54 18
c13 1 54 10
c14 0 61 73
c15 1 69 1
c16 0 70 67
c17 0 78 57
c18 1 80 46
c19 1 81 32
c20 1 84 12
c21 0 91 84
c22 1 99 39
c23 1 108 41
c24 1 115 19
c25 1 122 88
c26 0 127 6
c27 0 128 29
c28 1 130 93
c29 0 130 50
c30 1 131 33
c31 1 131 97
c32 1 140 14
c33 1 140 77
c34 0 146 78
c35 0 146 4
c36 1 148 96
c37 1 151 45
c38 1 159 57
c39 0 168 54
c40 0 170 87
c41 1 172 79
c42 1 174 76
c43 0 177 39
c44 0 181 66
c45 0 184 78
c46 1 189 46
c47 0 192 57
c48 0 200 89
c49 0 205 80
c50 0 211 15
c51 1 216 79
c52 0 224 70
c53 1 225 49
c54 0 233 19
c55 0 236 50
c56 0 236 3
c57 1 238 42
c58 0 243 27
c59 0 248 27
c60 1 252 6
c61 1 255 48
c62 1 264 65
c63 0 271 86
c64 0 274 94
c65 1 278 99
c66 1 285 98
c67 1 291 87
c68 0 297 88
c69 0 304 11
c70 0 304 96
c71 1 304 41
c72 1 305 94
c73 0 314 7
c74 0 317 90
c75 1 317 51
c76 0 323 38
c77 1 323 72
c78 1 327 82
c79 0 327 33
c80 1 332 26
c81 1 333 73
c82 1 339 11
c83 0 345 40
c84 1 349 71
c85 1 355 68
c86 1 361 67
c87 0 367 32
c88 0 374 85
c89 0 380 60
c90 1 382 59
c91 0 386 76
c92 0 391 2
c93 0 394 82
c94 0 398 47
c95 0 400 88
c96 1 408 95
c97 1 411 73
c98 0 412 17
c99 1 413 9
c100 0 421 7
c101 0 426 43
c102 1 435 85
c103 1 439 82
c104 0 439 37
c105 1 439 63
c106 1 448 24
c107 1 451 3
c108 1 458 59
c109 0 465 21
c110 0 467 66
c111 1 468 57
c112 0 470 41
c113 0 473 76
c114 0 479 67
c115 1 486 70
c116 1 493 21
c117 1 502 23
c118 0 506 98
c119 0 508 6
c120 1 508 68
c121 0 509 21
c122 1 512 6
c123 1 521 75
c124 1 530 18
c125 1 531 19
c126 1 537 43
c127 1 544 85
c128 1 552 6
c129 1 558 10
c130 1 559 11
c131 0 562 2
c132 0 569 25
c133 1 572 7
c134 1 580 28
c135 1 587 96
c136 0 587 22
c137 0 594 39
c138 1 596 15
c139 1 596 79
c140 1 601 24
c141 1 609 59
c142 0 612 59
c143 0 617 60
c144 0 622 6
c145 0 624 52
c146 1 630 24
c147 0 632 93
c148 0 634 19
c149 1 634 53
c150 1 636 51
c151 0 636 22
c152 0 644 21
c153 1 653 4
c154 0 653 25
c155 0 653 35
c156 1 654 38
c157 0 659 53
c158 1 665 22
c159 1 673 38
c160 0 673 31
c161 1 676 29
c162 1 681 29
c163 1 689 18
c164 0 690 9
c165 1 699 44
c166 0 704 46
c167 1 711 90
c168 1 714 81
c169 0 715 50
c170 0 724 98
c171 0 732 92
c172 1 734 98
c173 0 736 19
c174 1 736 93
c175 0 737 44
c176 0 737 96
c177 1 738 41
c178 0 746 45
c179 0 747 5
c180 0 754 33
c181 1 763 54
c182 1 771 45
c183 0 778 74
c184 1 778 78
c185 0 779 63
c186 0 781 55
c187 1 782 70
c188 0 789 14
c189 1 789 5
c190 1 797 14
c191 1 797 51
c192 0 800 37
c193 1 800 12
c194 0 800 36
c195 0 804 71
c196 1 805 31
c197 1 806 69
c198 0 809 63
c199 1 810 7
c200 0 815 45
c201 1 823 96
c202 1 831 33
c203 0 833 32
c204 1 837 69
c205 0 844 19
c206 0 849 56
c207 1 850 69
c208 1 851 59
c209 1 855 39
c210 1 864 2
c211 0 866 12
c212 0 875 18
c213 1 878 92
c214 1 882 55
c215 1 886 17
c216 0 889 90
c217 0 895 28
c218 1 896 66
c219 1 896 40
c220 0 897 96
c221 0 901 83
c222 1 901 83
c223 0 910 40
c224 0 915 85
c225 0 916 34
c226 0 921 31
c227 0 928 20
c228 1 936 35
c229 1 937 94
c230 0 942 67
c231 0 947 68
c232 1 950 31
c233 0 950 95
c234 1 952 12
c235 1 952 73
c236 0 953 72
c237 0 954 87
c238 1 957 20
c239 0 957 90
c240 0 961 80
c241 0 961 61
c242 0 968 43
c243 1 976 83
c244 1 985 74
c245 0 989 70
c246 1 995 36
c247 1 999 64
c248 0 1007 46
c249 0 1016 86
c250 0 1021 34
c251 1 1029 23
c252 0 1033 78
c253 0 1034 60
c254 1 1042 2
c255 1 1051 48
c256 0 1058 92
c257 1 1058 81
c258 1 1058 22
c259 0 1064 71
c260 1 1073 30
c261 0 1077 85
c262 1 1085 95
c263 1 1091 59
c264 1 1097 69
c265 1 1100 90
c266 0 1104 71
c267 0 1111 15
c268 0 1114 9
c269 0 1117 52
c270 1 1120 99
c271 1 1129 51
c272 0 1131 74
c273 0 1140 29
c274 1 1148 54
c275 1 1148 74
c276 1 1156 33
c277 1 1162 37
c278 0 1165 17
c279 0 1173 66
c280 1 1178 4
c281 0 1178 45
c282 0 1178 60
c283 0 1180 21
c284 1 1181 54
c285 1 1183 11
c286 0 1192 22
c287 1 1192 86
c288 0 1199 3
c289 0 1202 61
c290 1 1211 13
c291 1 1213 98
c292 1 1218 1
c293 0 1218 29
c294 1 1226 38
c295 1 1226 73
c296 0 1235 86
c297 0 1244 78
c298 0 1253 42
c299 1 1255 3
c300 1 1257 67
c301 0 1266 73
c302 0 1274 3
c303 1 1278 48
c304 0 1279 9
c305 1 1285 99
c306 0 1294 59
c307 0 1299 99
c308 0 1304 73
c309 0 1305 53
c310 1 1312 39
c311 1 1314 42
c312 1 1315 67
c313 0 1324 21
c314 0 1325 81
c315 0 1327 24
c316 1 1336 79
c317 1 1340 48
c318 1 1341 47
c319 0 1348 68
c320 0 1351 74
c321 0 1354 96
c322 1 1362 71
c323 0 1364 68
c324 0 1369 15
c325 0 1378 17
c326 0 1378 12
c327 1 1381 67
c328 1 1381 50
c329 0 1388 89
c330 1 1390 37
c331 0 1394 5
c332 0 1400 23
c333 1 1402 46
c334 0 1411 65
c335 0 1412 44
c336 1 1412 12
c337 0 1415 6
c338 0 1424 14
c339 0 1430 64
c340 0 1434 99
c341 0 1436 74
c342 1 1444 39
c343 0 1449 38
c344 0 1452 13
c345 1 1461 63
c346 1 1469 80
c347 0 1473 13
c348 0 1482 50
c349 0 1485 79
c350 0 1488 41
c351 1 1495 18
c352 1 1499 68
c353 0 1499 40
c354 1 1506 43
c355 0 1514 1
c356 1 1520 40
c357 1 1527 11
c358 0 1533 59
c359 0 1536 90
c360 1 1542 66
c361 1 1543 20
c362 0 1552 84
c363 1 1553 87
c364 1 1557 1
c365 0 1561 46
c366 0 1563 7
c367 0 1569 51
c368 0 1575 19
c369 1 1576 38
c370 1 1576 55
c371 1 1577 55
c372 0 1577 53
c373 1 1585 4
c374 0 1585 95
c375 1 1590 62
c376 0 1599 13
c377 0 1605 50
c378 0 1612 42
c379 0 1612 44
c380 0 1613 19
c381 1 1613 82
c382 1 1620 99
c383 0 1622 38
c384 1 1627 22
c385 0 1632 49
c386 0 1641 76
c387 1 1644 7
c388 1 1644 93
c389 0 1649 4
c390 1 1651 89
c391 0 1651 20
c392 1 1657 33
c393 1 1664 98
c394 1 1670 21
c395 0 1672 6
c396 1 1674 15
c397 0 1680 24
c398 1 1689 69
c399 0 1693 34
c400 1 1699 1
c401 1 1703 9
c402 0 1707 53
c403 0 1710 31
c404 1 1717 59
c405 1 1721 36
c406 0 1724 6
c407 1 1731 62
c408 0 1735 79
c409 0 1742 13
c410 0 1747 43
c411 0 1749 76
c412 0 1752 68
c413 0 1760 15
c414 1 1766 36
c415 1 1774 77
c416 1 1779 75
c417 1 1788 77
c418 1 1791 67
c419 0 1796 17
c420 0 1803 36
c421 1 1805 34
c422 0 1809 98
c423 0 1816 58
c424 1 1824 5
c425 0 1826 95
c426 0 1835 6
c427 1 1840 81
c428 1 1841 10
c429 1 1845 78
c430 0 1845 34
c431 0 1851 39
c432 0 1854 83
c433 1 1861 55
c434 0 1862 63
c435 1 1869 29
c436 0 1873 17
c437 1 1876 72
c438 1 1878 74
c439 1 1884 61
c440 1 1886 20
c441 1 1889 48
c442 1 1897 51
c443 1 1897 30
c444 0 1899 48
c445 0 1907 94
c446 0 1913 13
c447 0 1920 16
c448 0 1920 21
c449 1 1920 92
c450 0 1926 36
c451 1 1933 7
c452 0 1938 7
c453 0 1940 94
c454 1 1948 72
c455 1 1951 3
c456 1 1952 82
c457 0 1957 6
c458 0 1959 90
c459 1 1968 29
c460 0 1974 19
c461 1 1977 20
c462 1 1979 34
c463 1 1987 7
c464 1 1992 60
c465 1 1993 65
c466 0 1998 24
c467 0 1998 9
c468 0 2006 89
c469 1 2012 40
c470 0 2019 36
c471 1 2020 29
c472 0 2027 67
c473 1 2033 71
c474 0 2041 22
c475 0 2046 52
c476 0 2047 82
c477 1 2053 99
c478 1 2059 1
c479 1 2065 37
c480 1 2068 1
c481 0 2072 1
c482 1 2076 13
c483 0 2082 42
c484 1 2086 55
c485 0 2093 92
c486 1 2098 95
c487 0 2102 35
c488 0 2109 88
c489 0 2110 63
c490 1 2119 91
c491 0 2123 55
c492 1 2126 94
c493 1 2126 19
c494 0 2133 32
c495 1 2136 32
c496 1 2139 63
c497 1 2142 87
c498 0 2144 1
c499 1 2145 14
c500 0 2147 26
