c00 0 0 44
c01 0 9 43
c02 0 18 30
c03 1 25 82
c04 0 25 12
c05 1 28 63
c06 1 30 6
c07 0 30 52
c08 1 34 49
c09 1 41 54
c10 0 50 60
c11 0 55 28
c12 0 64 43
c13 0 66 35
c14 1 70 46
c15 0 78 76
c16 0 85 24
c17 0 92 28
c18 0 95 29
c19 0 101 17
c20 1 101 91
c21 1 108 77
c22 1 114 17
c23 0 121 75
c24 0 129 90
c25 1 133 51
c26 1 134 99
c27 0 138 38
c28 0 146 61
c29 1 152 49
c30 0 153 82
c31 0 160 48
c32 1 164 32
c33 0 168 7
c34 1 171 2
c35 1 179 46
c36 1 179 35
c37 0 182 98
c38 1 184 48
c39 1 187 87
c40 1 187 16
c41 1 195 95
c42 1 201 91
c43 0 204 88
c44 0 211 53
c45 0 211 61
c46 1 217 91
c47 1 224 31
c48 1 231 33
c49 1 238 65
c50 1 240 32
c51 0 243 56
c52 1 248 29
c53 1 257 32
c54 1 264 13
c55 1 266 64
c56 0 269 73
c57 0 273 40
c58 0 275 22
c59 1 275 97
c60 1 278 40
c61 1 285 9
c62 0 291 2
c63 0 293 96
c64 1 301 57
c65 1 303 82
c66 1 311 93
c67 1 314 31
c68 0 323 32
c69 1 325 46
c70 0 329 23
c71 0 331 65
c72 0 334 95
c73 1 336 55
c74 1 342 2
c75 1 351 61
c76 1 359 91
c77 0 367 93
c78 1 376 30
c79 0 377 31
c80 0 383 80
c81 0 390 10
c82 0 395 89
c83 1 396 55
c84 0 399 77
c85 1 400 51
c86 0 403 52
c87 1 409 53
c88 1 417 43
c89 1 423 23
c90 0 428 77
c91 0 436 74
c92 1 436 5
c93 0 440 28
c94 1 446 99
c95 1 448 85
c96 0 457 60
c97 1 464 13
c98 1 467 44
c99 1 473 42
c100 0 475 81
c101 0 480 23
c102 1 488 38
c103 0 490 21
c104 1 498 5
c105 1 505 86
c106 1 505 16
c107 0 509 84
c108 1 512 64
c109 0 518 5
c110 1 519 29
c111 0 520 6
c112 0 529 70
c113 1 534 94
c114 1 538 45
c115 0 539 95
c116 0 546 14
c117 1 555 3
c118 0 557 29
c119 1 563 57
c120 1 568 65
c121 1 570 5
c122 1 570 98
c123 0 571 65
c124 0 579 53
c125 1 588 50
c126 0 596 52
c127 0 598 40
c128 1 603 2
c129 1 608 7
c130 1 617 9
c131 1 621 67
c132 1 625 85
c133 0 631 86
c134 0 636 32
c135 1 644 47
c136 1 647 18
c137 0 650 57
c138 0 655 81
c139 1 657 50
c140 1 661 97
c141 1 667 63
c142 1 669 70
c143 0 675 53
c144 1 677 90
c145 0 681 1
c146 1 685 86
c147 0 692 65
c148 1 698 68
c149 1 703 79
c150 0 707 88
c151 1 711 38
c152 0 715 93
c153 0 721 41
c154 0 727 24
c155 0 728 48
c156 1 728 2
c157 1 728 58
c158 1 732 64
c159 0 732 76
c160 1 735 57
c161 0 737 43
c162 1 743 18
c163 0 743 43
c164 0 749 78
c165 0 757 41
c166 0 763 67
c167 0 769 34
c168 0 772 97
c169 0 777 67
c170 0 782 93
c171 0 789 7
c172 1 793 27
c173 0 794 22
c174 1 799 41
c175 1 808 87
c176 1 816 16
c177 1 822 68
c178 0 830 53
c179 0 835 74
c180 1 839 22
c181 1 844 10
c182 0 850 71
c183 1 857 35
c184 1 864 46
c185 1 871 77
c186 0 872 38
c187 1 876 36
c188 0 885 1
c189 1 889 17
c190 0 898 21
c191 1 904 91
c192 0 908 70
c193 0 916 20
c194 1 920 8
c195 1 924 26
c196 1 930 66
c197 0 938 99
c198 1 938 7
c199 0 939 1
c200 0 946 29
c201 1 952 63
c202 1 958 54
c203 1 966 82
c204 1 971 68
c205 0 971 29
c206 1 975 61
c207 0 980 98
c208 0 985 96
c209 0 985 66
c210 1 986 71
c211 1 990 74
c212 0 999 34
c213 0 1006 88
c214 0 1012 8
c215 1 1018 70
c216 0 1020 93
c217 0 1024 49
c218 1 1033 44
c219 1 1037 64
c220 0 1037 21
c221 1 1043 83
c222 1 1052 63
c223 1 1055 12
c224 1 1057 96
c225 1 1063 55
c226 0 1065 59
c227 1 1072 70
c228 0 1073 75
c229 1 1075 16
c230 1 1082 96
c231 1 1083 67
c232 1 1086 21
c233 1 1087 39
c234 1 1090 22
c235 1 1096 24
c236 0 1103 68
c237 1 1110 93
c238 0 1111 2
c239 1 1118 28
c240 1 1125 81
c241 1 1133 80
c242 0 1134 1
c243 0 1138 14
c244 1 1140 2
c245 0 1140 8
c246 1 1145 53
c247 0 1147 22
c248 1 1150 24
c249 1 1151 76
c250 0 1153 84
c251 1 1155 99
c252 1 1164 84
c253 0 1173 56
c254 1 1179 88
c255 0 1188 39
c256 0 1197 59
c257 0 1199 30
c258 0 1208 51
c259 1 1211 82
c260 1 1212 62
c261 0 1216 29
c262 1 1220 9
c263 0 1223 11
c264 1 1230 35
c265 0 1235 68
c266 0 1238 41
c267 0 1245 5
c268 0 1253 74
c269 1 1262 57
c270 1 1266 79
c271 0 1274 98
c272 1 1281 11
c273 1 1281 6
c274 0 1287 76
c275 1 1292 88
c276 1 1294 52
c277 1 1296 56
c278 0 1302 37
c279 1 1302 18
c280 0 1302 80
c281 0 1310 52
c282 1 1319 28
c283 0 1320 97
c284 0 1325 19
c285 0 1333 31
c286 0 1337 51
c287 1 1343 63
c288 0 1351 80
c289 0 1353 2
c290 0 1356 51
c291 0 1362 98
c292 0 1370 66
c293 0 1370 10
c294 0 1374 1
c295 1 1379 61
c296 1 1384 42
c297 0 1389 46
c298 0 1394 81
c299 1 1403 4
c300 0 1407 92
c301 0 1407 62
c302 1 1415 15
c303 1 1421 49
c304 0 1421 85
c305 1 1423 6
c306 0 1425 39
c307 0 1426 56
c308 1 1427 78
c309 0 1436 34
c310 1 1440 37
c311 0 1445 90
c312 1 1447 4
c313 0 1456 46
c314 1 1461 33
c315 0 1467 43
c316 0 1473 15
c317 0 1479 2
c318 0 1487 36
c319 1 1489 91
c320 0 1497 57
c321 1 1503 81
c322 0 1510 72
c323 1 1515 9
c324 1 1521 7
c325 1 1528 24
c326 0 1528 80
c327 1 1537 12
c328 1 1539 83
c329 0 1546 20
c330 1 1546 70
c331 0 1550 26
c332 0 1556 32
c333 0 1558 25
c334 1 1563 54
c335 0 1567 57
c336 1 1568 26
c337 1 1575 66
c338 1 1579 96
c339 1 1586 80
c340 0 1586 14
c341 0 1586 96
c342 1 1594 7
c343 1 1597 5
c344 1 1603 64
c345 1 1606 12
c346 0 1614 21
c347 1 1617 53
c348 0 1620 56
c349 0 1626 53
c350 0 1629 62
c351 1 1632 49
c352 1 1632 83
c353 0 1633 7
c354 1 1641 65
c355 0 1644 4
c356 1 1645 88
c357 1 1648 88
c358 1 1657 47
c359 0 1657 23
c360 1 1662 10
c361 0 1666 73
c362 1 1668 19
c363 1 1674 86
c364 1 1683 4
c365 1 1685 24
c366 0 1693 34
c367 0 1702 3
c368 1 1706 45
c369 0 1715 21
c370 0 1717 34
c371 0 1723 35
c372 1 1728 11
c373 1 1736 57
c374 1 1736 71
c375 0 1739 46
c376 0 1746 90
c377 0 1755 57
c378 0 1756 16
c379 0 1759 25
c380 1 1759 68
c381 0 1766 30
c382 1 1772 51
c383 1 1780 33
c384 0 1789 74
c385 0 1790 49
c386 0 1797 30
c387 1 1804 90
c388 0 1809 90
c389 0 1812 12
c390 0 1821 31
c391 1 1829 95
c392 0 1834 76
c393 1 1839 10
c394 1 1839 34
c395 0 1843 90
c396 1 1844 77
c397 1 1849 6
c398 0 1857 14
c399 1 1865 26
c400 1 1865 90
c401 1 1871 8
c402 0 1872 98
c403 0 1872 81
c404 0 1872 66
c405 1 1872 96
c406 0 1881 68
c407 1 1883 47
c408 0 1887 25
c409 0 1895 96
c410 1 1904 61
c411 1 1910 26
c412 0 1910 57
c413 0 1911 50
c414 0 1912 54
c415 1 1916 52
c416 1 1924 76
c417 1 1928 97
c418 0 1934 86
c419 1 1935 21
c420 1 1944 97
c421 0 1945 95
c422 0 1954 75
c423 1 1960 17
c424 0 1961 69
c425 1 1965 1
c426 0 1965 97
c427 0 1970 38
c428 0 1971 19
c429 0 1971 63
c430 1 1974 59
c431 1 1974 10
c432 0 1977 86
c433 0 1984 71
c434 0 1990 77
c435 1 1998 82
c436 1 2002 52
c437 1 2010 59
c438 0 2014 28
c439 1 2021 76
c440 0 2024 54
c441 1 2028 61
c442 0 2030 44
c443 1 2037 84
c444 1 2044 92
c445 0 2046 19
c446 1 2054 27
c447 0 2063 65
c448 0 2067 79
c449 1 2073 31
c450 0 2076 95
c451 1 2077 83
c452 1 2086 57
c453 1 2092 53
c454 0 2099 2
c455 0 2108 75
c456 0 2109 75
c457 0 2114 51
c458 1 2117 2
c459 0 2120 35
c460 0 2128 53
c461 1 2130 29
c462 0 2133 83
c463 1 2133 97
c464 1 2136 86
c465 1 2142 68
c466 0 2143 82
c467 0 2147 99
c468 0 2151 98
c469 1 2157 84
c470 0 2164 26
c471 0 2169 25
c472 1 2176 86
c473 0 2184 37
c474 0 2184 14
c475 1 2191 39
c476 0 2192 79
c477 0 2199 68
c478 1 2204 24
c479 0 2205 94
c480 1 2213 52
c481 1 2213 24
c482 0 2222 34
c483 0 2231 60
c484 0 2235 43
c485 1 2240 91
c486 1 2241 79
c487 1 2246 20
c488 1 2253 96
c489 0 2253 2
c490 0 2260 34
c491 1 2264 52
c492 1 2264 83
c493 1 2269 38
c494 1 2272 47
c495 1 2275 99
c496 0 2282 17
c497 0 2289 14
c498 1 2293 30
c499 0 2296 65
c500 1 2302 65
