c00 1 0 55
c01 0 4 97
c02 0 10 74
c03 0 15 11
c04 1 18 84
c05 1 18 87
c06 0 23 19
c07 0 24 58
c08 1 33 71
c09 1 33 47
c10 0 42 78
c11 1 49 28
c12 0 53 52
c13 0 61 19
c14 0 65 7
c15 0 69 31
c16 1 72 66
c17 0 81 66
c18 0 88 29
c19 1 90 3
c20 1 94 32
c21 1 97 90
c22 0 103 68
c23 1 103 73
c24 1 111 15
c25 0 111 57
c26 1 116 98
c27 1 123 10
c28 1 126 44
c29 1 135 44
c30 0 141 78
c31 1 146 13
c32 1 147 59
c33 0 152 46
c34 1 161 89
c35 0 168 49
c36 0 169 76
c37 0 170 37
c38 0 175 2
c39 1 176 55
c40 0 181 89
c41 0 186 80
c42 1 192 30
c43 0 197 28
c44 1 204 16
c45 1 205 91
c46 0 213 77
c47 0 215 67
c48 0 219 64
c49 1 221 43
c50 1 228 4
c51 1 229 50
c52 0 230 82
c53 0 238 28
c54 1 239 57
c55 1 247 7
c56 0 249 39
c57 0 255 72
c58 0 256 71
c59 0 259 97
c60 0 262 17
c61 1 270 18
c62 0 274 71
c63 0 276 12
c64 1 283 7
c65 0 290 8
c66 0 296 39
c67 0 298 87
c68 0 304 67
c69 1 307 83
c70 0 314 19
c71 1 321 86
c72 1 330 6
c73 0 339 32
c74 1 341 89
c75 0 345 47
c76 0 350 33
c77 1 355 19
c78 0 363 14
c79 0 365 86
c80 0 368 76
c81 1 370 6
c82 0 378 88
c83 1 386 26
c84 1 387 64
c85 1 388 26
c86 0 389 62
c87 1 395 33
c88 1 399 47
c89 0 399 23
c90 1 402 2
c91 1 402 95
c92 0 404 34
c93 0 409 88
c94 1 416 57
c95 0 417 49
c96 1 419 9
c97 1 419 52
c98 0 419 51
c99 0 420 31
c100 1 422 78
c101 1 424 62
c102 0 428 61
c103 1 437 28
c104 1 446 65
c105 1 453 75
c106 0 453 73
c107 0 459 75
c108 0 462 12
c109 0 464 91
c110 1 473 3
c111 0 474 63
c112 1 479 6
c113 1 488 32
c114 1 493 32
c115 1 500 39
c116 0 504 31
c117 0 513 57
c118 1 519 26
c119 0 522 62
c120 0 526 38
c121 0 527 96
c122 1 528 89
c123 1 535 63
c124 1 538 11
c125 0 540 11
c126 0 545 83
c127 1 553 43
c128 0 558 66
c129 0 567 53
c130 1 567 74
c131 1 572 40
c132 0 576 99
c133 1 580 36
c134 0 581 14
c135 1 583 80
c136 1 584 68
c137 1 589 48
c138 1 598 24
c139 1 606 47
c140 0 615 3
c141 0 616 27
c142 1 618 82
c143 1 622 75
c144 1 625 58
c145 0 626 8
c146 0 627 37
c147 1 631 76
c148 0 636 88
c149 0 637 50
c150 0 646 83
c151 0 654 68
c152 0 657 81
c153 0 658 33
c154 1 666 89
c155 1 673 46
c156 0 682 5
c157 1 683 76
c158 0 690 92
c159 0 696 93
c160 1 696 90
c161 1 701 15
c162 0 710 71
c163 0 712 87
c164 0 713 1
c165 1 721 64
c166 1 726 66
c167 1 727 62
c168 1 734 67
c169 1 735 15
c170 1 744 38
c171 0 746 86
c172 0 749 36
c173 0 751 56
c174 1 752 94
c175 0 757 64
c176 0 763 65
c177 0 770 75
c178 1 772 9
c179 0 779 77
c180 0 788 17
c181 1 789 53
c182 0 797 80
c183 0 804 68
c184 1 805 60
c185 1 808 9
c186 1 809 93
c187 1 810 30
c188 0 811 1
c189 1 816 86
c190 1 816 55
c191 1 822 34
c192 1 823 4
c193 1 828 13
c194 0 836 36
c195 1 840 54
c196 0 840 83
c197 1 847 55
c198 0 852 34
c199 0 859 46
c200 1 868 25
c201 0 877 91
c202 1 878 97
c203 1 885 8
c204 0 890 95
c205 0 899 20
c206 0 906 45
c207 0 914 8
c208 0 921 21
c209 1 929 9
c210 0 930 89
c211 0 936 93
c212 1 941 25
c213 1 946 14
c214 1 947 5
c215 0 950 99
c216 1 957 36
c217 1 963 77
c218 1 964 93
c219 0 969 32
c220 1 972 36
c221 0 978 7
c222 0 987 60
c223 1 996 32
c224 0 996 11
c225 0 1004 18
c226 0 1008 72
c227 0 1016 20
c228 1 1022 96
c229 1 1027 42
c230 1 1034 47
c231 1 1036 94
c232 1 1037 19
c233 0 1045 77
c234 0 1052 19
c235 0 1054 17
c236 1 1059 59
c237 0 1065 35
c238 0 1071 65
c239 1 1077 56
c240 0 1077 45
c241 0 1085 24
c242 1 1093 56
c243 1 1102 76
c244 0 1103 34
c245 1 1111 16
c246 0 1119 53
c247 0 1120 39
c248 0 1121 93
c249 1 1127 26
c250 1 1127 58
c251 1 1127 26
c252 1 1127 54
c253 1 1131 44
c254 0 1139 35
c255 0 1144 28
c256 1 1146 81
c257 0 1153 68
c258 0 1158 99
c259 0 1160 74
c260 0 1160 14
c261 1 1161 48
c262 1 1170 36
c263 1 1170 98
c264 0 1172 78
c265 0 1179 85
c266 1 1181 30
c267 1 1182 9
c268 1 1186 86
c269 0 1188 58
c270 0 1190 17
c271 1 1193 55
c272 1 1200 38
c273 1 1202 92
c274 0 1211 13
c275 1 1220 62
c276 1 1224 70
c277 1 1224 48
c278 0 1231 74
c279 1 1237 16
c280 0 1242 57
c281 0 1245 7
c282 1 1254 67
c283 1 1262 2
c284 0 1266 99
c285 0 1267 17
c286 0 1274 35
c287 1 1276 19
c288 1 1277 61
c289 1 1278 40
c290 1 1282 92
c291 1 1283 55
c292 0 1291 94
c293 1 1294 52
c294 1 1303 98
c295 1 1309 17
c296 1 1315 3
c297 0 1317 16
c298 1 1322 18
c299 1 1327 47
c300 1 1327 1
c301 1 1332 89
c302 1 1335 80
c303 1 1339 98
c304 1 1341 24
c305 1 1342 93
c306 1 1351 34
c307 1 1355 18
c308 0 1362 72
c309 1 1370 31
c310 1 1373 50
c311 1 1382 67
c312 0 1383 94
c313 1 1387 87
c314 0 1389 79
c315 1 1395 18
c316 0 1400 37
c317 1 1409 61
c318 1 1416 5
c319 0 1416 83
c320 0 1423 67
c321 1 1423 28
c322 0 1426 3
c323 1 1432 54
c324 0 1439 35
c325 1 1439 9
c326 1 1443 64
c327 0 1445 16
c328 0 1453 18
c329 0 1455 42
c330 0 1456 92
c331 1 1459 98
c332 1 1467 5
c333 1 1476 72
c334 0 1483 61
c335 0 1485 15
c336 1 1492 83
c337 0 1499 69
c338 1 1504 59
c339 1 1506 64
c340 0 1507 43
c341 1 1507 3
c342 1 1507 68
c343 1 1516 53
c344 0 1524 5
c345 0 1533 58
c346 1 1536 48
c347 1 1543 80
c348 0 1545 78
c349 1 1548 36
c350 0 1556 28
c351 0 1558 58
c352 1 1565 60
c353 1 1566 75
c354 1 1574 61
c355 1 1577 44
c356 0 1580 45
c357 0 1581 77
c358 0 1583 30
c359 0 1590 38
c360 1 1598 55
c361 1 1603 79
c362 1 1609 86
c363 1 1611 60
c364 1 1613 75
c365 0 1619 32
c366 0 1619 44
c367 0 1621 54
c368 0 1622 56
c369 0 1625 83
c370 0 1627 66
c371 0 1627 16
c372 1 1629 69
c373 0 1634 85
c374 1 1635 6
c375 0 1639 84
c376 0 1647 97
c377 0 1649 68
c378 1 1658 60
c379 1 1661 91
c380 0 1670 66
c381 1 1678 77
c382 0 1683 66
c383 0 1686 1
c384 1 1687 81
c385 0 1687 78
c386 0 1688 10
c387 1 1694 88
c388 1 1694 8
c389 1 1701 95
c390 1 1703 9
c391 0 1704 34
c392 0 1705 97
c393 0 1713 27
c394 0 1716 1
c395 0 1718 75
c396 0 1726 42
c397 0 1735 25
c398 1 1736 9
c399 1 1739 68
c400 1 1747 88
c401 0 1753 41
c402 1 1755 21
c403 1 1756 28
c404 0 1758 70
c405 0 1764 65
c406 1 1765 75
c407 1 1767 99
c408 1 1775 27
c409 0 1780 17
c410 1 1783 56
c411 0 1791 37
c412 0 1800 55
c413 0 1806 66
c414 0 1813 93
c415 1 1819 26
c416 1 1823 43
c417 0 1826 9
c418 1 1830 4
c419 0 1831 7
c420 0 1834 18
c421 1 1838 19
c422 0 1844 41
c423 1 1850 63
c424 1 1859 86
c425 0 1866 53
c426 0 1875 72
c427 1 1880 50
c428 1 1882 19
c429 1 1887 72
c430 1 1892 48
c431 1 1898 88
c432 1 1899 10
c433 0 1908 31
c434 1 1909 14
c435 0 1912 23
c436 1 1918 42
c437 1 1923 7
c438 0 1928 20
c439 1 1934 86
c440 0 1939 67
c441 0 1946 77
c442 1 1951 71
c443 1 1951 81
c444 1 1953 3
c445 1 1955 21
c446 0 1962 83
c447 0 1965 45
c448 1 1967 38
c449 0 1971 15
c450 1 1972 68
c451 0 1980 47
c452 1 1984 59
c453 1 1984 63
c454 1 1986 7
c455 1 1992 83
c456 1 1996 28
c457 0 2005 24
c458 0 2008 15
c459 1 2017 81
c460 1 2022 91
c461 1 2030 56
c462 0 2037 22
c463 1 2040 47
c464 0 2042 7
c465 0 2044 12
c466 1 2047 90
c467 0 2056 87
c468 0 2059 5
c469 0 2061 51
c470 1 2063 7
c471 1 2068 85
c472 0 2077 98
c473 1 2082 96
c474 1 2087 49
c475 1 2090 27
c476 0 2096 57
c477 1 2099 53
c478 1 2105 80
c479 0 2111 21
c480 1 2119 23
c481 1 2123 79
c482 0 2131 26
c483 1 2140 21
c484 1 2147 65
c485 0 2154 46
c486 1 2158 8
c487 0 2159 92
c488 0 2162 19
c489 0 2162 16
c490 1 2170 32
c491 0 2178 2
c492 0 2179 20
c493 0 2183 3
c494 1 2185 52
c495 1 2191 77
c496 0 2199 46
c497 1 2208 73
c498 1 2209 7
c499 1 2215 69
c500 1 2220 74
