c00 0 0 11
c01 1 6 72
c02 0 15 78
c03 1 21 10
c04 0 25 9
c05 1 28 21
c06 1 28 55
c07 0 32 64
c08 1 34 79
c09 1 34 88
c10 0 42 9
c11 0 46 41
c12 1 47 85
c13 0 48 79
c14 1 48 80
c15 0 55 3
c16 1 59 64
c17 1 62 96
c18 0 65 33
c19 0 71 18
c20 1 77 62
c21 1 77 58
c22 0 80 69
c23 0 83 54
c24 0 88 62
c25 1 91 98
c26 1 97 18
c27 0 104 82
c28 1 113 97
c29 0 118 73
c30 0 118 59
c31 0 127 17
c32 1 134 20
c33 0 136 36
c34 0 145 74
c35 0 145 48
c36 0 154 41
c37 1 157 99
c38 0 161 90
c39 0 165 47
c40 0 165 5
c41 1 173 47
c42 0 173 15
c43 0 182 35
c44 1 185 91
c45 0 186 7
c46 0 186 13
c47 1 187 53
c48 1 189 36
c49 0 191 88
c50 1 195 6
c51 0 196 41
c52 0 199 66
c53 1 204 96
c54 0 208 45
c55 0 214 3
c56 1 214 50
c57 1 217 55
c58 1 222 76
c59 0 231 6
c60 0 240 77
c61 1 241 8
c62 1 241 5
c63 0 243 62
c64 1 247 17
c65 1 250 40
c66 0 258 32
c67 0 264 80
c68 0 270 91
c69 0 279 82
c70 1 286 69
c71 0 286 74
c72 0 287 18
c73 0 289 42
c74 1 289 4
c75 1 297 41
c76 0 297 91
c77 0 301 74
c78 1 308 65
c79 1 313 23
c80 0 313 21
c81 0 315 21
c82 0 319 12
c83 1 324 20
c84 0 333 74
c85 1 336 56
c86 0 342 85
c87 1 347 48
c88 0 347 51
c89 1 349 41
c90 1 357 4
c91 0 357 8
c92 0 365 40
c93 1 369 60
c94 1 378 51
c95 0 381 18
c96 1 390 24
c97 1 391 85
c98 0 396 5
c99 0 404 46
c100 1 407 32
c101 1 415 47
c102 1 419 40
c103 1 428 15
c104 1 433 89
c105 0 435 45
c106 1 443 52
c107 1 445 27
c108 0 449 72
c109 1 452 13
c110 0 457 25
c111 0 460 86
c112 1 466 69
c113 0 474 62
c114 1 479 87
c115 0 487 49
c116 1 487 94
c117 1 491 88
c118 0 493 35
c119 1 499 12
c120 0 500 48
c121 0 502 7
c122 1 504 57
c123 0 505 61
c124 1 506 28
c125 0 507 28
c126 0 508 37
c127 1 509 58
c128 0 517 91
c129 1 518 13
c130 0 523 17
c131 0 528 21
c132 1 530 30
c133 1 538 12
c134 0 547 48
c135 1 552 89
c136 1 558 25
c137 1 563 12
c138 1 565 56
c139 0 567 63
c140 1 575 59
c141 1 583 50
c142 0 592 63
c143 1 595 85
c144 0 598 75
c145 1 605 4
c146 0 610 11
c147 1 619 95
c148 1 627 84
c149 0 636 39
c150 1 638 23
c151 0 645 32
c152 0 651 58
c153 1 659 67
c154 0 665 40
c155 1 671 47
c156 1 676 98
c157 0 682 69
c158 1 685 55
c159 1 690 82
c160 0 698 80
c161 0 699 38
c162 0 699 12
c163 1 700 25
c164 1 708 18
c165 0 711 36
c166 0 713 82
c167 1 713 23
c168 1 716 65
c169 1 719 82
c170 1 720 54
c171 1 722 31
c172 1 724 18
c173 1 729 4
c174 0 734 7
c175 0 736 74
c176 0 744 67
c177 1 748 28
c178 0 755 35
c179 0 760 4
c180 0 765 94
c181 1 771 43
c182 1 774 57
c183 1 775 20
c184 0 781 92
c185 0 785 72
c186 0 794 95
c187 0 800 6
c188 1 800 54
c189 0 808 76
c190 0 810 4
c191 1 817 16
c192 0 825 42
c193 0 831 71
c194 0 834 58
c195 1 837 57
c196 0 843 69
c197 1 852 3
c198 1 860 4
c199 0 867 96
c200 0 870 5
c201 1 870 78
c202 0 871 74
c203 1 874 45
c204 1 878 20
c205 0 883 62
c206 1 891 81
c207 0 896 25
c208 1 905 1
c209 0 907 55
c210 1 913 88
c211 1 922 93
c212 1 922 52
c213 0 930 66
c214 0 932 21
c215 0 933 22
c216 0 933 5
c217 1 934 31
c218 1 942 67
c219 0 947 69
c220 0 949 77
c221 0 952 32
c222 0 957 14
c223 0 966 26
c224 1 970 28
c225 1 974 79
c226 0 977 1
c227 1 978 2
c228 1 984 35
c229 0 993 10
c230 0 999 17
c231 1 1005 42
c232 1 1013 65
c233 1 1018 79
c234 0 1023 38
c235 0 1030 31
c236 1 1030 7
c237 1 1038 44
c238 1 1045 1
c239 1 1045 31
c240 1 1046 64
c241 1 1055 10
c242 1 1063 39
c243 1 1071 6
c244 0 1079 84
c245 0 1083 76
c246 0 1085 26
c247 0 1085 96
c248 1 1091 3
c249 0 1092 33
c250 0 1099 45
c251 0 1108 25
c252 0 1114 36
c253 0 1120 33
c254 1 1122 45
c255 1 1122 50
c256 0 1122 96
c257 1 1128 85
c258 1 1133 41
c259 1 1135 48
c260 1 1139 35
c261 0 1144 5
c262 0 1150 82
c263 1 1152 51
c264 1 1161 41
c265 1 1164 37
c266 0 1170 19
c267 0 1172 64
c268 1 1177 32
c269 0 1178 93
c270 0 1187 29
c271 0 1189 46
c272 0 1197 79
c273 1 1203 98
c274 1 1204 20
c275 0 1206 62
c276 0 1207 35
c277 0 1210 30
c278 1 1211 80
c279 1 1214 62
c280 0 1223 80
c281 1 1226 64
c282 1 1227 46
c283 0 1236 46
c284 1 1245 67
c285 0 1248 12
c286 0 1256 35
c287 0 1265 78
c288 1 1265 33
c289 1 1266 53
c290 1 1272 74
c291 1 1280 22
c292 1 1281 93
c293 1 1289 3
c294 1 1292 97
c295 1 1292 98
c296 1 1297 17
c297 0 1298 84
c298 0 1298 44
c299 1 1304 4
c300 1 1306 1
c301 1 1306 72
c302 1 1314 7
c303 0 1319 85
c304 1 1323 82
c305 0 1325 99
c306 1 1333 17
c307 1 1342 15
c308 1 1349 75
c309 1 1356 3
c310 1 1356 41
c311 1 1357 23
c312 1 1360 5
c313 1 1362 76
c314 0 1364 21
c315 1 1370 69
c316 0 1374 34
c317 1 1379 20
c318 0 1384 64
c319 1 1393 60
c320 1 1395 1
c321 0 1404 3
c322 1 1411 13
c323 0 1419 83
c324 1 1427 6
c325 1 1435 47
c326 1 1443 67
c327 0 1446 42
c328 0 1451 20
c329 1 1456 69
c330 0 1461 1
c331 1 1465 62
c332 1 1472 81
c333 1 1472 68
c334 0 1478 34
c335 0 1481 37
c336 0 1489 26
c337 1 1498 69
c338 1 1498 91
c339 0 1498 48
c340 1 1504 46
c341 1 1507 32
c342 1 1511 10
c343 1 1517 65
c344 1 1522 18
c345 1 1528 71
c346 1 1536 61
c347 0 1541 95
c348 1 1548 39
c349 1 1548 13
c350 0 1552 49
c351 1 1560 31
c352 1 1560 60
c353 0 1569 84
c354 1 1570 64
c355 0 1570 47
c356 0 1572 55
c357 0 1580 42
c358 0 1580 78
c359 0 1581 94
c360 0 1581 10
c361 0 1585 44
c362 0 1590 24
c363 0 1599 57
c364 1 1600 32
c365 0 1607 49
c366 1 1616 15
c367 1 1618 58
c368 1 1627 32
c369 1 1634 9
c370 1 1643 44
c371 0 1645 82
c372 1 1645 3
c373 0 1649 71
c374 1 1657 58
c375 0 1664 97
c376 0 1667 93
c377 1 1670 3
c378 0 1673 79
c379 0 1675 76
c380 0 1679 68
c381 1 1682 79
c382 0 1689 42
c383 0 1696 55
c384 0 1704 88
c385 1 1707 7
c386 0 1715 91
c387 0 1719 42
c388 1 1721 64
c389 1 1722 5
c390 0 1725 73
c391 0 1731 93
c392 0 1735 97
c393 0 1735 98
c394 1 1735 22
c395 0 1741 45
c396 0 1746 18
c397 1 1750 48
c398 0 1758 94
c399 0 1765 53
c400 0 1766 67
c401 1 1768 44
c402 1 1773 60
c403 1 1778 58
c404 1 1782 56
c405 1 1787 93
c406 1 1788 84
c407 0 1794 42
c408 1 1796 56
c409 0 1797 26
c410 1 1803 42
c411 1 1803 24
c412 0 1809 87
c413 1 1817 22
c414 0 1819 71
c415 0 1826 72
c416 1 1835 79
c417 1 1844 87
c418 1 1846 99
c419 0 1851 36
c420 1 1852 22
c421 0 1860 71
c422 1 1866 84
c423 0 1874 55
c424 1 1880 42
c425 0 1885 87
c426 0 1891 30
c427 0 1893 54
c428 1 1900 8
c429 1 1900 64
c430 0 1903 76
c431 0 1910 75
c432 1 1916 23
c433 0 1916 36
c434 0 1916 45
c435 1 1920 96
c436 1 1926 10
c437 0 1935 87
c438 0 1937 82
c439 1 1938 19
c440 0 1938 99
c441 0 1946 16
c442 1 1946 24
c443 1 1949 80
c444 1 1955 34
c445 1 1957 94
c446 0 1961 38
c447 0 1961 92
c448 0 1965 20
c449 1 1973 95
c450 0 1981 39
c451 1 1984 56
c452 1 1986 5
c453 1 1990 17
c454 0 1990 7
c455 0 1990 42
c456 1 1993 90
c457 1 1995 42
c458 1 2003 75
c459 0 2006 24
c460 1 2006 4
c461 0 2014 98
c462 0 2019 78
c463 1 2022 43
c464 0 2031 84
c465 0 2040 77
c466 1 2040 39
c467 0 2044 29
c468 0 2044 88
c469 1 2049 65
c470 0 2053 99
c471 0 2062 79
c472 0 2069 24
c473 1 2071 26
c474 0 2078 37
c475 1 2081 89
c476 0 2083 13
c477 1 2087 78
c478 1 2087 85
c479 0 2091 94
c480 1 2099 67
c481 1 2107 86
c482 1 2111 77
c483 1 2115 20
c484 0 2117 65
c485 1 2119 87
c486 1 2128 19
c487 1 2134 46
c488 1 2142 72
c489 1 2142 72
c490 0 2150 88
c491 1 2159 35
c492 0 2164 64
c493 0 2164 2
c494 1 2167 90
c495 1 2173 42
c496 0 2176 36
c497 1 2180 1
c498 1 2184 67
c499 0 2187 28
c500 0 2190 60
