c00 1 0 20
c01 0 9 24
c02 1 15 88
c03 0 19 83
c04 0 26 51
c05 0 32 86
c06 1 39 89
c07 1 42 91
c08 0 51 49
c09 1 59 78
c10 1 63 11
c11 0 67 26
c12 1 68 79
c13 1 77 84
c14 0 84 14
c15 1 88 93
c16 1 93 92
c17 1 97 59
c18 0 103 79
c19 1 103 71
c20 0 111 20
c21 1 117 91
c22 1 121 84
c23 0 123 99
c24 0 124 2
c25 0 132 11
c26 1 135 17
c27 0 143 50
c28 0 148 1
c29 1 155 27
c30 1 161 42
c31 0 162 30
c32 0 162 89
c33 0 169 6
c34 0 173 2
c35 0 177 86
c36 0 179 5
c37 0 180 44
c38 0 186 67
c39 0 190 67
c40 0 193 64
c41 1 193 97
c42 1 194 18
c43 0 199 30
c44 0 203 4
c45 0 209 90
c46 1 216 15
c47 1 223 17
c48 1 231 86
c49 1 239 29
c50 1 239 77
c51 0 244 77
c52 0 253 90
c53 0 257 19
c54 0 266 35
c55 0 274 58
c56 0 283 96
c57 0 286 64
c58 1 294 59
c59 1 296 87
c60 0 300 55
c61 0 307 24
c62 0 311 11
c63 1 313 30
c64 1 313 47
c65 1 321 34
c66 0 321 72
c67 1 329 11
c68 0 334 94
c69 0 342 71
c70 0 351 6
c71 0 355 64
c72 0 355 65
c73 1 361 60
c74 0 369 69
c75 0 370 86
c76 1 378 75
c77 0 378 12
c78 0 380 22
c79 0 386 4
c80 0 390 97
c81 1 391 41
c82 1 399 36
c83 0 401 38
c84 1 409 26
c85 1 416 91
c86 0 421 24
c87 1 427 72
c88 0 428 84
c89 0 435 44
c90 0 444 15
c91 1 444 10
c92 0 453 45
c93 0 462 65
c94 1 470 32
c95 0 470 29
c96 1 477 96
c97 1 486 13
c98 1 492 31
c99 1 501 64
c100 0 503 49
c101 0 504 17
c102 1 505 74
c103 1 514 62
c104 0 523 15
c105 0 532 13
c106 1 538 72
c107 0 538 58
c108 1 542 61
c109 0 548 77
c110 1 551 68
c111 0 553 68
c112 1 559 44
c113 0 563 26
c114 1 568 66
c115 0 572 12
c116 0 580 73
c117 1 583 38
c118 0 591 89
c119 0 592 77
c120 1 598 31
c121 0 598 13
c122 0 598 96
c123 0 598 91
c124 0 601 94
c125 1 607 81
c126 1 614 95
c127 0 617 23
c128 0 619 24
c129 0 626 77
c130 0 631 35
c131 1 640 97
c132 1 645 64
c133 1 653 99
c134 1 658 36
c135 0 665 82
c136 0 671 82
c137 0 676 63
c138 1 683 17
c139 0 687 92
c140 0 696 7
c141 1 702 93
c142 0 708 60
c143 0 708 20
c144 1 714 28
c145 1 717 49
c146 1 718 71
c147 0 723 97
c148 0 729 37
c149 1 738 95
c150 1 742 83
c151 1 744 29
c152 1 752 61
c153 1 752 96
c154 1 752 14
c155 0 759 26
c156 0 767 39
c157 0 776 96
c158 0 782 29
c159 0 789 5
c160 0 789 69
c161 0 792 54
c162 1 799 93
c163 1 801 90
c164 1 805 46
c165 1 806 17
c166 1 814 2
c167 1 817 87
c168 0 823 30
c169 0 831 70
c170 1 837 85
c171 0 845 30
c172 1 850 46
c173 1 858 27
c174 1 865 31
c175 1 873 82
c176 0 878 53
c177 0 886 83
c178 0 887 96
c179 1 888 68
c180 0 889 2
c181 1 894 81
c182 1 902 92
c183 1 909 31
c184 1 918 85
c185 1 927 44
c186 0 927 34
c187 0 929 99
c188 0 935 19
c189 1 936 64
c190 1 936 28
c191 1 944 44
c192 0 944 14
c193 1 952 85
c194 0 961 40
c195 0 969 19
c196 0 978 66
c197 1 983 25
c198 0 991 15
c199 0 994 44
c200 1 998 10
c201 1 1004 19
c202 1 1008 4
c203 1 1014 82
c204 1 1018 81
c205 0 1022 98
c206 1 1022 48
c207 0 1028 20
c208 1 1032 97
c209 0 1033 4
c210 1 1040 21
c211 1 1043 68
c212 1 1050 72
c213 0 1052 64
c214 0 1055 41
c215 1 1060 85
c216 0 1068 86
c217 1 1072 65
c218 0 1077 67
c219 1 1080 93
c220 1 1089 40
c221 0 1089 31
c222 1 1094 29
c223 1 1100 42
c224 1 1102 82
c225 1 1102 30
c226 1 1111 65
c227 1 1112 4
c228 0 1113 33
c229 1 1117 20
c230 1 1124 27
c231 1 1131 63
c232 1 1137 38
c233 0 1146 55
c234 0 1155 73
c235 0 1157 60
c236 1 1161 81
c237 0 1166 74
c238 0 1170 45
c239 1 1178 81
c240 1 1180 75
c241 1 1183 41
c242 1 1187 84
c243 0 1195 25
c244 0 1195 92
c245 1 1196 42
c246 1 1200 88
c247 1 1203 89
c248 1 1212 59
c249 0 1212 65
c250 1 1216 16
c251 0 1221 9
c252 1 1224 3
c253 1 1227 70
c254 1 1232 37
c255 0 1233 42
c256 1 1241 30
c257 1 1242 11
c258 0 1245 49
c259 0 1250 32
c260 1 1250 69
c261 1 1250 25
c262 0 1254 56
c263 1 1255 54
c264 0 1264 84
c265 1 1269 73
c266 0 1275 85
c267 0 1275 44
c268 1 1277 86
c269 0 1282 3
c270 1 1287 20
c271 1 1291 13
c272 0 1292 69
c273 0 1295 35
c274 1 1303 42
c275 1 1304 42
c276 0 1307 62
c277 0 1314 41
c278 0 1318 21
c279 0 1318 11
c280 0 1323 13
c281 0 1331 10
c282 1 1336 49
c283 0 1345 59
c284 1 1354 16
c285 0 1363 26
c286 1 1372 90
c287 0 1375 10
c288 0 1383 86
c289 1 1392 66
c290 1 1397 39
c291 1 1401 20
c292 1 1408 34
c293 1 1408 55
c294 1 1415 62
c295 0 1423 54
c296 1 1424 81
c297 0 1428 25
c298 1 1435 59
c299 0 1438 23
c300 1 1438 54
c301 1 1440 55
c302 0 1446 55
c303 0 1453 28
c304 0 1459 12
c305 0 1464 67
c306 0 1465 56
c307 1 1470 25
c308 0 1470 53
c309 0 1477 16
c310 0 1477 73
c311 1 1482 62
c312 0 1489 86
c313 0 1495 61
c314 1 1498 20
c315 1 1507 88
c316 0 1511 1
c317 1 1520 82
c318 1 1526 75
c319 1 1531 89
c320 0 1540 34
c321 1 1545 98
c322 0 1545 34
c323 0 1554 32
c324 0 1559 82
c325 1 1563 42
c326 0 1566 4
c327 0 1575 50
c328 1 1579 81
c329 1 1582 44
c330 1 1583 55
c331 1 1589 10
c332 0 1592 30
c333 0 1592 59
c334 1 1598 86
c335 1 1602 76
c336 1 1608 71
c337 1 1611 25
c338 0 1618 96
c339 1 1623 92
c340 0 1628 79
c341 0 1637 73
c342 0 1644 61
c343 1 1650 14
c344 0 1652 42
c345 1 1658 16
c346 1 1662 79
c347 1 1669 84
c348 0 1671 48
c349 0 1672 43
c350 1 1676 89
c351 1 1680 20
c352 1 1681 15
c353 1 1689 29
c354 1 1698 80
c355 0 1706 88
c356 1 1707 88
c357 0 1711 72
c358 0 1720 39
c359 1 1725 84
c360 0 1729 51
c361 0 1738 95
c362 0 1739 80
c363 0 1745 66
c364 0 1747 74
c365 0 1756 82
c366 1 1756 76
c367 1 1757 19
c368 1 1757 44
c369 1 1759 75
c370 1 1760 15
c371 0 1766 70
c372 0 1766 32
c373 1 1774 87
c374 1 1780 6
c375 0 1781 37
c376 0 1789 91
c377 0 1790 19
c378 1 1797 50
c379 0 1798 67
c380 0 1800 27
c381 1 1803 49
c382 1 1809 89
c383 1 1813 55
c384 1 1816 61
c385 1 1822 3
c386 1 1829 40
c387 0 1829 69
c388 0 1830 91
c389 0 1837 8
c390 0 1840 65
c391 0 1848 14
c392 1 1855 81
c393 1 1861 52
c394 0 1869 47
c395 1 1871 28
c396 1 1872 44
c397 0 1879 90
c398 0 1881 6
c399 0 1881 58
c400 1 1886 33
c401 0 1895 69
c402 1 1901 92
c403 0 1909 91
c404 0 1911 47
c405 1 1911 98
c406 0 1919 2
c407 0 1926 50
c408 1 1928 66
c409 1 1928 81
c410 0 1931 92
c411 1 1933 14
c412 0 1942 92
c413 0 1945 62
c414 1 1949 18
c415 1 1951 39
c416 1 1958 41
c417 1 1966 62
c418 0 1972 17
c419 0 1973 88
c420 0 1979 85
c421 0 1985 79
c422 0 1991 37
c423 0 1995 56
c424 1 1997 14
c425 1 2005 5
c426 1 2008 53
c427 1 2013 63
c428 1 2021 66
c429 1 2029 45
c430 1 2037 76
c431 0 2038 77
c432 1 2044 31
c433 0 2048 43
c434 1 2048 72
c435 1 2053 67
c436 1 2062 42
c437 0 2070 31
c438 0 2078 93
c439 0 2084 80
c440 1 2086 49
c441 1 2087 71
c442 0 2089 33
c443 1 2094 36
c444 1 2100 9
c445 0 2104 76
c446 0 2104 94
c447 1 2112 68
c448 1 2115 28
c449 1 2123 1
c450 0 2129 73
c451 1 2132 80
c452 1 2133 17
c453 0 2142 7
c454 0 2144 60
c455 0 2152 69
c456 1 2160 54
c457 1 2162 98
c458 1 2167 2
c459 0 2172 36
c460 0 2175 85
c461 1 2182 97
c462 0 2191 76
c463 1 2191 19
c464 1 2197 47
c465 1 2197 70
c466 0 2200 71
c467 1 2203 5
c468 1 2206 47
c469 1 2214 29
c470 0 2220 97
c471 1 2227 43
c472 1 2231 43
c473 0 2232 71
c474 1 2238 30
c475 1 2247 87
c476 1 2256 75
c477 0 2258 87
c478 0 2258 96
c479 1 2258 82
c480 0 2266 39
c481 0 2268 55
c482 0 2272 13
c483 0 2276 3
c484 1 2280 28
c485 1 2281 2
c486 1 2284 39
c487 0 2293 22
c488 1 2300 77
c489 0 2300 55
c490 0 2306 36
c491 0 2314 88
c492 0 2323 70
c493 1 2332 26
c494 1 2341 41
c495 0 2341 53
c496 0 2349 36
c497 1 2357 36
c498 0 2358 9
c499 0 2359 65
c500 0 2365 20
