c00 1 0 18
c01 0 4 62
c02 1 5 45
c03 0 5 96
c04 0 9 78
c05 1 10 42
c06 1 17 74
c07 0 21 10
c08 1 28 30
c09 1 30 77
c10 1 35 91
c11 0 40 64
c12 0 42 77
c13 0 48 50
c14 1 57 62
c15 0 66 98
c16 1 66 60
c17 0 66 26
c18 0 67 1
c19 1 76 11
c20 1 80 80
c21 0 80 3
c22 1 88 9
c23 0 95 88
c24 0 96 55
c25 1 98 25
c26 1 106 88
c27 1 115 22
c28 0 115 1
c29 1 117 78
c30 0 118 59
c31 0 119 27
c32 1 123 17
c33 1 123 26
c34 1 132 4
c35 1 137 25
c36 0 138 32
c37 0 144 88
c38 0 147 26
c39 0 148 33
c40 0 150 67
c41 0 150 93
c42 0 156 2
c43 0 165 50
c44 0 166 45
c45 0 168 59
c46 0 171 68
c47 1 176 34
c48 0 184 21
c49 1 187 47
c50 0 193 88
c51 0 193 16
c52 1 195 63
c53 0 202 12
c54 1 204 89
c55 0 213 93
c56 0 216 85
c57 0 221 83
c58 1 223 48
c59 0 226 67
c60 1 234 95
c61 0 243 35
c62 0 246 56
c63 0 250 5
c64 1 252 95
c65 0 258 65
c66 1 266 29
c67 0 271 53
c68 1 275 23
c69 1 284 93
c70 0 286 59
c71 0 287 64
c72 0 288 76
c73 1 292 61
c74 1 300 11
c75 1 302 58
c76 1 308 75
c77 0 315 11
c78 0 323 74
c79 1 325 66
c80 1 333 29
c81 0 334 45
c82 1 337 45
c83 1 346 84
c84 1 346 91
c85 0 354 17
c86 0 356 34
c87 1 358 8
c88 0 362 81
c89 1 367 91
c90 0 371 3
c91 1 375 62
c92 1 376 42
c93 0 378 73
c94 1 382 35
c95 0 383 58
c96 1 383 51
c97 1 386 85
c98 0 389 99
c99 0 392 99
c100 1 396 7
c101 1 398 47
c102 0 407 84
c103 0 407 60
c104 1 416 14
c105 1 423 16
c106 1 428 35
c107 1 428 92
c108 0 429 69
c109 0 437 10
c110 1 442 92
c111 1 444 8
c112 0 451 9
c113 0 460 26
c114 1 462 43
c115 0 467 81
c116 0 473 49
c117 0 476 68
c118 1 481 15
c119 0 488 24
c120 0 495 72
c121 1 503 40
c122 1 509 47
c123 0 511 43
c124 0 517 70
c125 1 521 8
c126 1 522 58
c127 0 524 56
c128 1 528 72
c129 1 533 40
c130 0 541 17
c131 1 541 14
c132 0 546 77
c133 1 550 53
c134 0 553 77
c135 1 562 32
c136 0 568 22
c137 0 574 24
c138 1 575 50
c139 0 576 86
c140 0 577 56
c141 1 583 97
c142 1 584 87
c143 1 584 7
c144 0 584 88
c145 1 590 98
c146 1 598 49
c147 0 602 58
c148 0 607 22
c149 1 608 66
c150 0 612 11
c151 0 617 83
c152 1 617 51
c153 1 623 6
c154 1 623 97
c155 1 628 22
c156 0 633 11
c157 1 634 37
c158 1 637 46
c159 0 646 58
c160 0 650 68
c161 1 659 2
c162 0 665 77
c163 1 669 93
c164 0 675 16
c165 1 684 93
c166 1 692 15
c167 1 697 35
c168 0 701 59
c169 1 702 45
c170 0 705 22
c171 1 707 48
c172 1 707 97
c173 1 712 62
c174 1 715 81
c175 1 718 21
c176 0 723 99
c177 0 726 91
c178 1 726 96
c179 0 735 91
c180 0 738 38
c181 1 738 16
c182 0 747 13
c183 1 748 50
c184 1 750 6
c185 0 759 10
c186 0 760 40
c187 0 768 69
c188 1 771 49
c189 1 777 2
c190 1 785 4
c191 0 792 66
c192 0 798 70
c193 0 807 64
c194 0 807 34
c195 1 809 3
c196 0 817 96
c197 1 817 40
c198 0 826 39
c199 1 834 72
c200 1 836 10
c201 0 838 6
c202 0 844 25
c203 1 846 83
c204 0 851 8
c205 0 856 37
c206 1 862 12
c207 0 871 74
c208 0 877 99
c209 0 877 56
c210 1 886 9
c211 0 890 90
c212 0 895 7
c213 0 897 38
c214 1 904 3
c215 1 904 58
c216 0 905 9
c217 0 906 24
c218 1 908 79
c219 0 908 14
c220 0 916 55
c221 0 922 56
c222 1 926 96
c223 1 928 8
c224 1 935 45
c225 1 938 50
c226 1 946 10
c227 1 950 34
c228 0 950 60
c229 1 954 70
c230 0 955 35
c231 0 962 49
c232 1 966 62
c233 0 970 50
c234 0 973 89
c235 0 981 55
c236 1 989 20
c237 0 997 91
c238 1 1003 23
c239 1 1005 10
c240 0 1014 34
c241 0 1020 45
c242 1 1027 4
c243 1 1032 48
c244 0 1038 53
c245 1 1046 75
c246 1 1054 80
c247 0 1062 65
c248 1 1070 22
c249 1 1073 81
c250 1 1078 45
c251 1 1083 48
c252 0 1088 10
c253 0 1094 49
c254 0 1102 26
c255 0 1102 72
c256 0 1106 98
c257 0 1108 88
c258 0 1116 28
c259 1 1125 71
c260 0 1133 29
c261 0 1139 48
c262 0 1139 90
c263 1 1140 68
c264 0 1149 30
c265 1 1155 52
c266 1 1158 59
c267 0 1166 68
c268 0 1169 20
c269 0 1177 98
c270 0 1181 86
c271 0 1189 98
c272 1 1189 59
c273 0 1195 84
c274 0 1199 72
c275 0 1208 30
c276 0 1208 14
c277 0 1213 42
c278 1 1220 35
c279 0 1227 79
c280 0 1228 11
c281 0 1230 6
c282 0 1231 49
c283 0 1232 99
c284 1 1232 97
c285 1 1233 27
c286 1 1240 98
c287 1 1243 40
c288 1 1245 89
c289 1 1250 70
c290 0 1252 28
c291 0 1260 40
c292 0 1269 13
c293 1 1278 55
c294 1 1280 21
c295 0 1281 35
c296 1 1282 31
c297 0 1285 57
c298 0 1293 8
c299 0 1300 72
c300 0 1304 52
c301 0 1307 22
c302 0 1310 3
c303 0 1313 32
c304 1 1316 22
c305 0 1320 66
c306 1 1320 38
c307 0 1324 15
c308 0 1329 25
c309 0 1333 79
c310 1 1336 42
c311 0 1338 59
c312 0 1344 75
c313 0 1352 84
c314 0 1357 90
c315 1 1357 20
c316 1 1363 6
c317 1 1370 93
c318 1 1375 14
c319 0 1375 44
c320 1 1378 19
c321 0 1386 6
c322 0 1389 97
c323 0 1395 8
c324 1 1398 34
c325 0 1399 46
c326 0 1407 80
c327 1 1416 72
c328 0 1422 96
c329 0 1431 35
c330 0 1439 41
c331 1 1439 73
c332 1 1443 64
c333 1 1448 77
c334 1 1457 95
c335 0 1461 31
c336 1 1464 21
c337 1 1470 43
c338 0 1472 52
c339 0 1476 34
c340 1 1479 93
c341 0 1480 30
c342 0 1480 60
c343 0 1488 52
c344 1 1489 89
c345 0 1489 94
c346 1 1496 33
c347 0 1503 16
c348 0 1504 26
c349 0 1512 58
c350 1 1514 92
c351 0 1521 56
c352 1 1530 37
c353 0 1538 65
c354 0 1538 67
c355 0 1543 13
c356 0 1548 76
c357 1 1548 35
c358 0 1554 78
c359 0 1559 26
c360 1 1563 97
c361 0 1572 42
c362 1 1572 92
c363 0 1575 80
c364 1 1577 73
c365 1 1581 7
c366 0 1588 28
c367 0 1594 89
c368 1 1601 12
c369 1 1604 14
c370 1 1609 57
c371 0 1614 77
c372 1 1614 43
c373 0 1614 47
c374 0 1622 35
c375 1 1626 1
c376 0 1635 70
c377 0 1642 59
c378 1 1650 69
c379 0 1653 9
c380 1 1661 88
c381 1 1666 11
c382 0 1668 5
c383 0 1672 43
c384 0 1681 36
c385 1 1682 91
c386 1 1686 39
c387 1 1695 44
c388 0 1699 44
c389 1 1700 40
c390 1 1706 78
c391 0 1713 46
c392 1 1715 91
c393 1 1722 31
c394 0 1730 91
c395 1 1738 17
c396 1 1739 70
c397 1 1740 55
c398 1 1743 22
c399 0 1747 28
c400 1 1756 75
c401 0 1760 3
c402 0 1761 93
c403 1 1768 47
c404 0 1769 92
c405 1 1777 93
c406 0 1784 31
c407 0 1791 76
c408 0 1793 87
c409 1 1797 27
c410 1 1798 53
c411 1 1798 74
c412 1 1804 53
c413 0 1811 79
c414 1 1819 15
c415 0 1824 50
c416 1 1828 83
c417 0 1835 87
c418 0 1840 59
c419 0 1843 24
c420 0 1851 21
c421 0 1857 75
c422 1 1864 35
c423 0 1872 40
c424 0 1881 97
c425 0 1883 90
c426 1 1888 41
c427 0 1890 30
c428 0 1890 39
c429 1 1890 17
c430 0 1896 63
c431 0 1899 81
c432 0 1903 64
c433 0 1911 2
c434 1 1912 57
c435 1 1915 4
c436 1 1919 81
c437 1 1920 67
c438 0 1929 64
c439 0 1929 90
c440 0 1937 59
c441 0 1941 80
c442 0 1944 83
c443 0 1948 76
c444 1 1950 73
c445 0 1957 55
c446 1 1959 74
c447 0 1965 94
c448 0 1967 96
c449 1 1967 26
c450 0 1972 20
c451 0 1977 64
c452 1 1980 67
c453 0 1989 59
c454 0 1994 68
c455 0 1996 86
c456 0 2003 38
c457 0 2009 86
c458 1 2012 73
c459 0 2015 16
c460 0 2021 33
c461 0 2029 53
c462 1 2036 42
c463 1 2045 44
c464 1 2050 24
c465 1 2057 47
c466 1 2066 94
c467 0 2074 55
c468 0 2078 13
c469 0 2080 14
c470 0 2086 79
c471 0 2093 6
c472 0 2093 14
c473 0 2096 20
c474 1 2100 49
c475 0 2104 19
c476 0 2110 37
c477 1 2113 68
c478 0 2119 65
c479 0 2121 26
c480 0 2126 7
c481 0 2132 55
c482 0 2140 23
c483 0 2140 66
c484 0 2144 22
c485 1 2153 48
c486 0 2158 64
c487 0 2163 11
c488 1 2164 77
c489 0 2169 78
c490 1 2173 88
c491 0 2173 72
c492 0 2182 9
c493 1 2184 3
c494 1 2189 13
c495 1 2193 52
c496 0 2196 50
c497 0 2202 2
c498 0 2209 7
c499 0 2213 41
c500 0 2220 78
