c00 0 0 97
c01 1 1 83
c02 1 10 38
c03 0 17 32
c04 0 25 25
c05 1 28 1
c06 1 37 25
c07 0 43 45
c08 1 46 8
c09 0 50 18
c10 0 59 39
c11 1 63 27
c12 0 67 38
c13 1 67 2
c14 1 73 19
c15 1 77 68
c16 1 81 2
c17 1 85 21
c18 0 93 15
c19 0 97 58
c20 0 105 42
c21 1 114 48
c22 1 121 46
c23 0 128 5
c24 0 130 45
c25 1 133 25
c26 0 136 12
c27 1 143 84
c28 1 149 79
c29 1 154 9
c30 1 159 52
c31 0 165 11
c32 0 168 28
c33 0 176 83
c34 1 177 95
c35 1 185 14
c36 1 192 45
c37 1 192 61
c38 0 201 98
c39 0 210 30
c40 1 214 42
c41 0 220 39
c42 1 228 89
c43 0 236 70
c44 1 243 29
c45 1 245 85
c46 0 252 71
c47 1 261 66
c48 0 264 24
c49 0 266 79
c50 1 275 61
c51 1 275 18
c52 1 284 60
c53 1 288 7
c54 0 296 96
c55 1 301 9
c56 0 309 82
c57 1 311 49
c58 0 319 2
c59 0 320 30
c60 0 329 43
c61 0 329 92
c62 1 330 85
c63 0 336 49
c64 1 340 22
c65 1 346 2
c66 0 351 49
c67 1 356 17
c68 0 364 15
c69 1 365 50
c70 0 365 92
c71 0 366 30
c72 0 369 28
c73 1 371 33
c74 1 372 62
c75 0 377 5
c76 1 377 82
c77 1 386 91
c78 1 386 92
c79 0 392 34
c80 0 401 54
c81 0 405 73
c82 0 406 84
c83 1 412 61
c84 1 412 87
c85 1 417 41
c86 1 422 44
c87 0 427 69
c88 0 434 90
c89 0 435 77
c90 1 443 44
c91 0 448 99
c92 1 448 7
c93 0 451 67
c94 1 457 39
c95 0 459 26
c96 1 461 51
c97 1 464 56
c98 0 466 84
c99 0 468 83
c100 1 477 98
c101 0 477 97
c102 0 478 91
c103 0 485 59
c104 1 489 96
c105 1 491 77
c106 1 491 56
c107 1 492 51
c108 0 498 80
c109 0 498 91
c110 0 505 36
c111 1 510 86
c112 0 513 55
c113 1 516 79
c114 0 516 16
c115 1 519 35
c116 0 524 17
c117 0 528 90
c118 0 532 38
c119 0 538 49
c120 0 541 38
c121 1 547 81
c122 0 552 57
c123 0 560 41
c124 0 562 47
c125 0 566 73
c126 1 573 8
c127 1 574 41
c128 1 575 33
c129 0 577 22
c130 0 585 42
c131 1 592 98
c132 0 595 8
c133 0 598 23
c134 1 603 75
c135 1 612 58
c136 1 618 30
c137 1 618 37
c138 0 626 36
c139 0 633 31
c140 1 641 36
c141 0 641 47
c142 1 643 36
c143 1 648 10
c144 0 653 75
c145 1 655 31
c146 1 662 53
c147 0 670 50
c148 0 674 65
c149 0 683 87
c150 0 687 90
c151 1 694 74
c152 0 699 91
c153 0 703 64
c154 1 709 72
c155 1 715 24
c156 0 715 45
c157 0 723 56
c158 0 728 82
c159 1 736 21
c160 1 741 76
c161 1 745 19
c162 1 753 27
c163 1 756 41
c164 1 764 13
c165 1 772 55
c166 0 779 85
c167 0 783 89
c168 0 787 95
c169 1 791 99
c170 0 798 33
c171 0 798 61
c172 0 803 12
c173 1 808 17
c174 0 817 71
c175 1 821 59
c176 0 824 36
c177 0 829 88
c178 0 838 78
c179 1 839 35
c180 0 841 3
c181 0 842 56
c182 0 845 38
c183 0 852 92
c184 0 855 18
c185 1 861 51
c186 0 863 40
c187 0 863 8
c188 0 863 46
c189 0 870 10
c190 1 878 51
c191 1 884 98
c192 0 892 14
c193 1 894 1
c194 1 903 35
c195 0 904 69
c196 0 909 23
c197 1 909 13
c198 1 914 25
c199 1 914 90
c200 0 916 10
c201 0 924 4
c202 1 930 53
c203 1 934 20
c204 0 938 66
c205 0 942 31
c206 0 950 67
c207 0 952 11
c208 1 959 58
c209 1 966 62
c210 0 969 94
c211 0 972 87
c212 0 977 82
c213 0 984 30
c214 0 986 76
c215 1 993 42
c216 0 996 84
c217 1 1003 95
c218 1 1010 48
c219 1 1018 32
c220 1 1027 80
c221 1 1035 69
c222 1 1037 79
c223 0 1040 35
c224 0 1043 18
c225 1 1044 97
c226 1 1051 93
c227 1 1057 22
c228 0 1060 97
c229 0 1067 58
c230 1 1074 42
c231 0 1077 75
c232 1 1086 92
c233 1 1089 11
c234 0 1094 28
c235 1 1096 74
c236 1 1098 40
c237 0 1101 48
c238 1 1105 66
c239 0 1108 16
c240 0 1108 6
c241 1 1111 84
c242 1 1111 7
c243 0 1116 12
c244 1 1120 5
c245 0 1120 76
c246 0 1127 65
c247 1 1128 51
c248 0 1130 93
c249 0 1132 53
c250 0 1139 15
c251 0 1148 20
c252 1 1153 74
c253 0 1158 34
c254 1 1167 67
c255 1 1173 38
c256 1 1180 71
c257 0 1185 58
c258 1 1193 26
c259 0 1202 43
c260 1 1208 30
c261 0 1213 77
c262 0 1215 41
c263 0 1215 30
c264 1 1220 21
c265 1 1222 65
c266 1 1229 87
c267 0 1238 61
c268 0 1239 59
c269 1 1243 87
c270 0 1243 29
c271 1 1250 68
c272 0 1253 59
c273 1 1254 72
c274 1 1256 66
c275 0 1258 4
c276 1 1266 97
c277 1 1273 43
c278 1 1275 90
c279 0 1283 72
c280 1 1288 22
c281 1 1288 93
c282 1 1291 26
c283 0 1293 6
c284 0 1293 42
c285 0 1299 81
c286 0 1300 89
c287 1 1306 46
c288 0 1315 73
c289 1 1322 30
c290 1 1325 16
c291 1 1333 53
c292 0 1339 11
c293 1 1344 57
c294 0 1345 71
c295 0 1346 54
c296 0 1348 83
c297 0 1351 4
c298 1 1359 27
c299 1 1361 66
c300 0 1362 66
c301 0 1364 18
c302 1 1364 68
c303 0 1373 56
c304 0 1375 77
c305 0 1380 82
c306 1 1384 61
c307 1 1389 43
c308 1 1389 84
c309 1 1390 31
c310 0 1394 9
c311 0 1402 29
c312 0 1411 13
c313 0 1414 7
c314 1 1415 47
c315 0 1416 44
c316 0 1418 89
c317 0 1423 9
c318 1 1431 19
c319 1 1439 3
c320 1 1441 85
c321 0 1446 41
c322 0 1454 18
c323 0 1462 70
c324 0 1462 22
c325 1 1464 8
c326 1 1470 13
c327 0 1474 46
c328 0 1476 62
c329 1 1480 42
c330 0 1484 31
c331 0 1484 77
c332 1 1493 84
c333 0 1502 77
c334 0 1508 78
c335 0 1510 81
c336 1 1516 13
c337 0 1524 22
c338 1 1528 99
c339 1 1535 83
c340 0 1543 20
c341 1 1543 12
c342 0 1548 75
c343 1 1557 90
c344 1 1560 30
c345 1 1560 58
c346 0 1562 67
c347 0 1567 42
c348 1 1574 81
c349 0 1583 36
c350 1 1590 79
c351 0 1598 74
c352 1 1602 45
c353 0 1610 42
c354 1 1617 8
c355 1 1622 72
c356 1 1628 61
c357 1 1632 80
c358 1 1633 95
c359 0 1641 21
c360 1 1646 86
c361 0 1649 25
c362 1 1652 23
c363 1 1654 93
c364 1 1658 11
c365 1 1663 85
c366 0 1667 83
c367 0 1672 30
c368 1 1677 1
c369 1 1680 70
c370 0 1681 60
c371 1 1682 40
c372 1 1684 29
c373 1 1684 32
c374 1 1692 15
c375 1 1696 44
c376 1 1701 74
c377 0 1705 53
c378 0 1713 1
c379 1 1717 91
c380 0 1719 59
c381 1 1727 59
c382 1 1731 79
c383 1 1740 43
c384 1 1747 67
c385 0 1748 32
c386 0 1750 98
c387 1 1754 74
c388 0 1758 38
c389 1 1759 97
c390 1 1765 22
c391 0 1770 72
c392 0 1774 9
c393 0 1777 76
c394 1 1781 55
c395 0 1787 38
c396 1 1788 84
c397 0 1795 23
c398 1 1803 69
c399 1 1812 93
c400 1 1821 14
c401 1 1822 4
c402 0 1830 9
c403 0 1836 42
c404 1 1842 67
c405 1 1845 22
c406 0 1848 22
c407 0 1849 44
c408 0 1850 25
c409 0 1855 96
c410 0 1861 65
c411 0 1866 47
c412 1 1875 15
c413 0 1881 41
c414 0 1887 63
c415 1 1894 89
c416 1 1902 46
c417 1 1909 71
c418 0 1909 17
c419 0 1910 45
c420 1 1915 65
c421 0 1924 69
c422 0 1931 20
c423 0 1938 21
c424 0 1942 98
c425 1 1945 60
c426 0 1950 59
c427 0 1958 52
c428 0 1961 95
c429 1 1970 79
c430 1 1978 63
c431 1 1980 2
c432 0 1989 72
c433 0 1995 70
c434 0 2000 70
c435 1 2005 65
c436 1 2006 89
c437 1 2011 27
c438 1 2020 92
c439 1 2029 75
c440 0 2037 70
c441 0 2041 37
c442 1 2043 61
c443 0 2045 36
c444 0 2052 30
c445 0 2052 51
c446 1 2058 55
c447 0 2063 49
c448 0 2065 79
c449 0 2072 47
c450 1 2075 44
c451 0 2082 19
c452 1 2084 26
c453 1 2086 74
c454 0 2095 21
c455 1 2101 57
c456 0 2103 90
c457 1 2103 72
c458 1 2112 94
c459 0 2115 65
c460 0 2118 2
c461 1 2121 21
c462 0 2122 48
c463 1 2128 76
c464 0 2129 62
c465 0 2130 51
c466 1 2137 79
c467 1 2145 55
c468 1 2152 50
c469 0 2161 44
c470 0 2163 7
c471 0 2164 33
c472 1 2168 19
c473 1 2175 24
c474 1 2183 55
c475 0 2190 40
c476 1 2196 36
c477 0 2198 98
c478 0 2199 77
c479 0 2205 29
c480 0 2209 19
c481 1 2215 43
c482 0 2224 76
c483 1 2232 50
c484 1 2239 46
c485 1 2248 22
c486 0 2250 67
c487 1 2255 22
c488 0 2256 37
c489 0 2265 7
c490 0 2265 14
c491 0 2271 64
c492 0 2279 50
c493 0 2288 13
c494 0 2297 1
c495 1 2298 40
c496 0 2302 6
c497 1 2302 78
c498 0 2303 49
c499 0 2307 93
c500 0 2307 61
