c00 1 0 29
c01 0 0 31
c02 0 6 14
c03 1 8 27
c04 0 16 80
c05 0 25 48
c06 1 25 52
c07 0 29 65
c08 1 33 75
c09 1 42 88
c10 1 48 11
c11 0 50 43
c12 0 55 25
c13 0 57 87
c14 0 59 70
c15 1 68 73
c16 1 71 50
c17 1 79 66
c18 0 79 89
c19 0 86 39
c20 1 90 90
c21 1 96 23
c22 0 102 52
c23 0 104 48
c24 0 106 21
c25 0 108 74
c26 1 111 64
c27 1 113 3
c28 1 116 90
c29 1 118 35
c30 0 118 89
c31 1 121 66
c32 0 126 12
c33 1 132 67
c34 1 134 84
c35 1 141 46
c36 0 144 21
c37 1 151 39
c38 1 156 15
c39 0 164 80
c40 1 172 96
c41 1 179 87
c42 0 184 68
c43 1 188 32
c44 0 197 84
c45 0 205 18
c46 1 208 11
c47 0 214 80
c48 0 217 8
c49 0 219 20
c50 1 227 51
c51 1 228 66
c52 1 235 38
c53 1 237 64
c54 1 241 6
c55 0 247 12
c56 1 250 34
c57 0 256 36
c58 0 263 13
c59 0 270 48
c60 1 277 60
c61 1 278 60
c62 0 278 77
c63 1 285 86
c64 1 285 37
c65 1 292 33
c66 1 296 3
c67 0 299 50
c68 0 299 57
c69 1 304 99
c70 0 311 93
c71 0 314 29
c72 1 323 17
c73 0 330 73
c74 1 337 62
c75 0 346 50
c76 1 351 40
c77 1 359 64
c78 1 366 59
c79 1 372 76
c80 0 374 5
c81 1 382 15
c82 0 391 99
c83 1 397 60
c84 1 399 89
c85 1 399 54
c86 0 406 65
c87 1 410 10
c88 0 412 52
c89 1 419 46
c90 0 425 45
c91 1 425 53
c92 1 431 54
c93 1 438 76
c94 1 442 6
c95 0 449 38
c96 0 454 42
c97 0 460 38
c98 0 461 76
c99 1 470 44
c100 0 471 86
c101 1 475 50
c102 1 483 48
c103 0 487 34
c104 0 487 90
c105 0 493 90
c106 0 498 15
c107 0 505 71
c108 0 512 22
c109 0 515 86
c110 0 519 93
c111 1 525 56
c112 1 526 16
c113 1 526 90
c114 1 531 22
c115 1 540 93
c116 1 547 36
c117 1 549 33
c118 0 554 37
c119 0 563 68
c120 1 564 59
c121 1 565 7
c122 0 571 30
c123 1 573 70
c124 1 576 4
c125 1 581 50
c126 1 588 46
c127 0 591 1
c128 0 592 61
c129 1 597 64
c130 0 606 60
c131 0 612 87
c132 0 617 11
c133 1 618 26
c134 1 627 14
c135 1 635 28
c136 0 643 40
c137 1 644 95
c138 1 648 75
c139 1 650 68
c140 1 653 81
c141 0 659 83
c142 1 667 28
c143 0 670 65
c144 1 679 81
c145 0 684 95
c146 0 685 19
c147 1 689 85
c148 1 690 50
c149 0 698 62
c150 1 707 42
c151 1 713 79
c152 0 713 93
c153 1 720 30
c154 0 725 12
c155 0 731 12
c156 0 740 90
c157 0 744 51
c158 1 752 55
c159 0 753 88
c160 0 757 89
c161 0 762 92
c162 1 771 30
c163 0 778 55
c164 0 780 8
c165 1 780 35
c166 1 782 25
c167 0 785 30
c168 1 788 42
c169 1 793 36
c170 0 801 85
c171 1 806 37
c172 1 815 11
c173 0 822 21
c174 1 824 77
c175 1 830 88
c176 0 838 26
c177 1 845 48
c178 0 847 51
c179 0 849 43
c180 0 855 6
c181 1 857 88
c182 0 861 37
c183 1 868 84
c184 1 875 63
c185 1 879 90
c186 0 885 7
c187 0 885 5
c188 0 886 49
c189 0 889 21
c190 0 897 22
c191 0 906 66
c192 1 909 64
c193 0 914 41
c194 1 917 13
c195 1 925 31
c196 0 926 58
c197 1 926 33
c198 0 935 96
c199 1 937 20
c200 1 937 53
c201 0 941 16
c202 0 946 6
c203 0 949 96
c204 0 958 55
c205 0 958 74
c206 0 965 55
c207 1 972 96
c208 1 975 48
c209 0 976 42
c210 0 976 31
c211 1 985 25
c212 1 987 98
c213 0 987 66
c214 1 994 96
c215 0 997 14
c216 1 1002 21
c217 0 1003 7
c218 0 1006 32
c219 1 1013 55
c220 1 1016 17
c221 1 1018 28
c222 1 1018 19
c223 1 1026 46
c224 0 1026 99
c225 1 1034 9
c226 1 1035 32
c227 0 1036 37
c228 0 1040 4
c229 0 1047 45
c230 0 1050 78
c231 1 1053 44
c232 0 1056 71
c233 1 1056 67
c234 1 1062 31
c235 0 1066 36
c236 1 1066 69
c237 0 1074 24
c238 0 1082 73
c239 0 1085 44
c240 0 1088 71
c241 1 1097 86
c242 0 1100 39
c243 1 1100 82
c244 1 1109 38
c245 0 1111 96
c246 1 1120 80
c247 1 1129 55
c248 1 1137 91
c249 0 1145 79
c250 0 1148 12
c251 1 1148 51
c252 1 1153 61
c253 1 1157 87
c254 0 1160 78
c255 1 1163 37
c256 0 1171 99
c257 0 1180 50
c258 1 1188 56
c259 1 1192 68
c260 0 1195 51
c261 1 1196 7
c262 1 1205 43
c263 1 1214 80
c264 0 1222 70
c265 0 1230 87
c266 0 1237 68
c267 1 1242 20
c268 1 1247 43
c269 1 1249 93
c270 0 1250 25
c271 0 1258 54
c272 1 1263 84
c273 1 1267 62
c274 0 1276 73
c275 0 1285 51
c276 0 1291 92
c277 1 1297 45
c278 1 1305 51
c279 1 1313 18
c280 0 1313 78
c281 0 1313 87
c282 0 1314 55
c283 1 1318 98
c284 1 1320 95
c285 0 1327 36
c286 1 1329 69
c287 1 1336 68
c288 0 1338 63
c289 1 1347 46
c290 1 1347 93
c291 1 1353 95
c292 1 1362 74
c293 1 1366 80
c294 1 1368 19
c295 0 1376 20
c296 0 1385 98
c297 1 1389 9
c298 0 1398 57
c299 1 1404 38
c300 1 1413 20
c301 0 1413 6
c302 1 1422 15
c303 1 1429 2
c304 1 1434 74
c305 1 1442 94
c306 1 1449 86
c307 0 1452 4
c308 1 1455 33
c309 0 1458 35
c310 0 1461 74
c311 0 1462 40
c312 0 1469 96
c313 0 1474 16
c314 0 1475 25
c315 0 1475 34
c316 1 1480 92
c317 0 1487 68
c318 0 1495 78
c319 1 1500 17
c320 1 1506 43
c321 1 1508 76
c322 0 1517 76
c323 1 1523 45
c324 0 1524 33
c325 0 1525 5
c326 1 1528 59
c327 0 1531 54
c328 1 1531 4
c329 1 1535 10
c330 1 1542 44
c331 0 1546 30
c332 0 1553 11
c333 1 1560 78
c334 0 1564 46
c335 1 1567 81
c336 0 1571 83
c337 1 1577 19
c338 1 1585 85
c339 1 1593 25
c340 1 1599 79
c341 1 1607 36
c342 0 1607 25
c343 1 1613 39
c344 1 1619 31
c345 1 1624 45
c346 0 1631 19
c347 1 1632 49
c348 1 1640 92
c349 1 1646 37
c350 0 1652 68
c351 0 1659 54
c352 0 1668 30
c353 1 1674 91
c354 0 1677 74
c355 1 1685 88
c356 1 1694 18
c357 0 1699 67
c358 0 1708 66
c359 0 1711 97
c360 1 1717 18
c361 1 1723 3
c362 0 1728 39
c363 1 1733 86
c364 0 1742 47
c365 1 1746 31
c366 1 1748 84
c367 1 1756 96
c368 0 1764 8
c369 1 1767 86
c370 0 1767 61
c371 0 1773 24
c372 0 1774 5
c373 1 1781 1
c374 1 1789 6
c375 1 1789 44
c376 1 1792 79
c377 0 1793 52
c378 0 1802 71
c379 1 1808 40
c380 0 1817 80
c381 0 1820 49
c382 1 1823 37
c383 0 1825 73
c384 0 1829 95
c385 1 1835 6
c386 0 1837 45
c387 0 1845 7
c388 1 1852 50
c389 1 1858 5
c390 0 1860 98
c391 0 1866 78
c392 1 1866 80
c393 0 1875 71
c394 1 1880 45
c395 1 1884 57
c396 1 1885 26
c397 0 1886 64
c398 1 1889 58
c399 1 1895 21
c400 1 1899 30
c401 0 1903 86
c402 1 1909 95
c403 1 1912 79
c404 1 1920 75
c405 1 1925 99
c406 1 1927 55
c407 1 1927 84
c408 0 1927 53
c409 0 1928 61
c410 0 1929 39
c411 1 1934 10
c412 0 1940 20
c413 0 1944 16
c414 0 1946 49
c415 0 1954 20
c416 1 1961 64
c417 1 1968 55
c418 1 1973 98
c419 0 1980 76
c420 0 1989 63
c421 1 1990 77
c422 1 1992 68
c423 1 1993 19
c424 1 1997 57
c425 1 1997 17
c426 0 2004 71
c427 1 2005 35
c428 1 2012 55
c429 1 2019 73
c430 1 2025 43
c431 1 2025 54
c432 0 2027 11
c433 1 2036 95
c434 0 2040 80
c435 0 2042 85
c436 1 2044 72
c437 1 2052 32
c438 0 2054 14
c439 0 2054 9
c440 0 2054 37
c441 1 2059 47
c442 0 2068 22
c443 1 2074 43
c444 1 2082 91
c445 0 2084 68
c446 0 2093 62
c447 1 2100 29
c448 1 2104 3
c449 0 2104 60
c450 1 2110 56
c451 1 2114 53
c452 0 2123 82
c453 1 2132 84
c454 1 2138 82
c455 1 2147 14
c456 0 2154 41
c457 1 2157 61
c458 0 2159 99
c459 0 2160 92
c460 1 2169 95
c461 1 2173 92
c462 0 2182 25
c463 1 2191 55
c464 0 2197 40
c465 1 2201 27
c466 1 2204 84
c467 0 2212 3
c468 0 2213 33
c469 0 2215 9
c470 0 2219 24
c471 1 2219 75
c472 1 2223 49
c473 0 2230 79
c474 0 2230 78
c475 0 2237 21
c476 1 2239 96
c477 0 2248 62
c478 1 2252 9
c479 1 2258 61
c480 0 2263 84
c481 1 2268 49
c482 1 2271 67
c483 0 2276 23
c484 0 2281 22
c485 0 2290 11
c486 0 2291 47
c487 0 2295 99
c488 0 2297 96
c489 0 2299 33
c490 1 2308 98
c491 0 2308 16
c492 1 2315 39
c493 1 2315 50
c494 0 2318 67
c495 0 2322 43
c496 1 2324 49
c497 1 2325 98
c498 1 2331 20
c499 0 2335 50
c500 1 2342 36
