c00 0 0 65
c01 1 3 90
c02 0 9 92
c03 0 17 48
c04 0 18 96
c05 1 23 86
c06 0 30 94
c07 0 30 94
c08 0 32 95
c09 1 36 26
c10 0 42 49
c11 1 46 48
c12 0 47 63
c13 0 53 71
c14 1 57 32
c15 1 57 1
c16 0 62 63
c17 1 67 85
c18 0 72 52
c19 1 79 83
c20 1 82 80
c21 0 87 38
c22 1 87 58
c23 1 94 69
c24 1 97 21
c25 0 106 54
c26 0 106 58
c27 0 108 83
c28 1 116 68
c29 0 119 72
c30 0 121 94
c31 1 125 57
c32 0 129 4
c33 1 138 20
c34 1 144 75
c35 1 145 27
c36 0 147 83
c37 1 147 66
c38 0 147 54
c39 0 156 49
c40 1 158 51
c41 0 166 87
c42 1 169 69
c43 0 170 94
c44 0 170 40
c45 1 171 73
c46 0 172 84
c47 0 174 89
c48 1 176 50
c49 1 181 49
c50 0 189 50
c51 0 193 82
c52 0 198 15
c53 0 200 63
c54 1 202 91
c55 0 210 58
c56 0 217 36
c57 1 224 34
c58 0 227 77
c59 0 233 44
c60 1 233 62
c61 0 238 48
c62 1 238 31
c63 1 239 84
c64 1 246 32
c65 0 254 7
c66 1 260 64
c67 1 265 64
c68 1 267 85
c69 1 274 15
c70 0 278 72
c71 0 285 68
c72 0 285 94
c73 0 291 32
c74 0 300 10
c75 0 300 2
c76 0 300 32
c77 0 302 25
c78 0 307 25
c79 0 313 9
c80 1 318 86
c81 1 324 59
c82 1 326 3
c83 0 329 78
c84 1 329 64
c85 1 329 34
c86 0 329 1
c87 0 337 84
c88 0 337 10
c89 1 345 82
c90 1 353 95
c91 0 361 27
c92 0 365 96
c93 0 367 43
c94 1 370 69
c95 0 374 11
c96 0 377 65
c97 1 382 4
c98 1 391 89
c99 0 395 43
c100 1 396 47
c101 1 404 73
c102 1 404 61
c103 0 410 93
c104 1 410 37
c105 0 411 77
c106 0 414 73
c107 0 420 84
c108 1 427 79
c109 1 435 60
c110 0 443 82
c111 0 444 50
c112 1 444 25
c113 1 450 50
c114 1 458 81
c115 1 458 31
c116 1 464 43
c117 0 466 11
c118 0 466 13
c119 1 473 87
c120 0 480 58
c121 0 488 37
c122 0 489 27
c123 1 491 67
c124 1 495 88
c125 1 501 90
c126 0 502 82
c127 0 511 84
c128 1 516 69
c129 0 521 59
c130 1 527 79
c131 0 535 31
c132 1 537 28
c133 0 544 25
c134 0 547 55
c135 0 550 9
c136 0 551 80
c137 0 552 55
c138 1 558 59
c139 1 566 95
c140 0 566 19
c141 1 567 33
c142 1 570 50
c143 0 576 73
c144 1 582 92
c145 0 587 89
c146 1 590 66
c147 0 593 59
c148 0 600 74
c149 1 600 46
c150 0 606 22
c151 1 607 55
c152 0 616 78
c153 1 616 51
c154 1 619 10
c155 1 620 46
c156 0 622 64
c157 1 625 81
c158 0 633 54
c159 0 634 4
c160 0 636 84
c161 1 641 96
c162 0 647 88
c163 0 648 39
c164 1 650 79
c165 1 659 8
c166 1 662 37
c167 0 670 80
c168 0 678 64
c169 0 680 33
c170 1 685 63
c171 0 690 82
c172 0 693 12
c173 0 693 58
c174 1 702 20
c175 0 708 93
c176 1 715 40
c177 1 723 78
c178 0 724 67
c179 0 731 93
c180 1 735 21
c181 1 736 41
c182 1 739 14
c183 1 748 64
c184 1 753 11
c185 1 761 7
c186 0 764 23
c187 0 770 31
c188 0 771 38
c189 0 772 90
c190 1 775 84
c191 1 775 7
c192 0 783 9
c193 1 789 77
c194 0 795 16
c195 1 801 51
c196 1 805 47
c197 0 810 29
c198 0 811 55
c199 0 811 24
c200 1 816 8
c201 0 821 90
c202 0 827 22
c203 1 830 55
c204 1 833 32
c205 0 836 48
c206 0 837 83
c207 1 846 47
c208 0 855 22
c209 0 864 88
c210 1 869 47
c211 0 870 60
c212 1 877 25
c213 0 881 13
c214 1 887 21
c215 0 894 32
c216 0 901 22
c217 0 905 44
c218 0 907 91
c219 0 912 97
c220 0 920 62
c221 0 921 18
c222 1 923 79
c223 1 925 95
c224 0 927 23
c225 0 931 2
c226 1 935 18
c227 0 944 83
c228 1 949 39
c229 0 949 58
c230 0 956 22
c231 0 964 90
c232 1 973 77
c233 0 976 64
c234 1 985 85
c235 1 993 12
c236 0 1001 36
c237 0 1002 90
c238 0 1005 23
c239 0 1006 95
c240 1 1011 92
c241 0 1012 75
c242 0 1014 57
c243 0 1023 63
c244 0 1024 67
c245 0 1031 70
c246 0 1039 97
c247 0 1041 88
c248 0 1041 37
c249 0 1042 38
c250 0 1044 31
c251 0 1046 21
c252 0 1053 92
c253 1 1058 60
c254 0 1060 40
c255 0 1068 21
c256 1 1077 93
c257 1 1081 34
c258 1 1088 95
c259 0 1088 29
c260 1 1097 78
c261 1 1104 88
c262 1 1105 16
c263 1 1114 25
c264 0 1115 37
c265 1 1124 60
c266 0 1132 28
c267 0 1139 52
c268 0 1140 5
c269 1 1147 90
c270 0 1147 68
c271 0 1155 14
c272 0 1156 90
c273 0 1162 96
c274 1 1164 29
c275 0 1171 6
c276 0 1177 27
c277 0 1183 57
c278 0 1183 27
c279 1 1186 80
c280 0 1186 9
c281 0 1190 46
c282 1 1191 74
c283 1 1194 6
c284 0 1199 97
c285 1 1206 99
c286 0 1207 73
c287 0 1214 5
c288 1 1218 44
c289 0 1219 84
c290 0 1220 48
c291 1 1220 66
c292 1 1229 93
c293 1 1231 3
c294 1 1232 71
c295 0 1240 28
c296 0 1242 31
c297 0 1249 42
c298 1 1253 2
c299 1 1259 67
c300 1 1262 71
c301 0 1268 93
c302 1 1269 78
c303 1 1276 5
c304 0 1281 87
c305 1 1282 39
c306 0 1286 15
c307 0 1292 88
c308 1 1295 97
c309 0 1295 40
c310 0 1295 30
c311 0 1300 66
c312 0 1304 57
c313 1 1308 18
c314 1 1310 29
c315 1 1318 20
c316 0 1327 66
c317 1 1332 96
c318 1 1334 99
c319 1 1342 1
c320 1 1349 44
c321 0 1355 45
c322 0 1359 43
c323 0 1366 54
c324 0 1368 20
c325 1 1376 95
c326 0 1385 54
c327 1 1393 39
c328 0 1397 19
c329 0 1405 30
c330 0 1412 94
c331 1 1412 71
c332 1 1414 52
c333 1 1420 7
c334 1 1429 44
c335 0 1435 59
c336 0 1440 43
c337 1 1443 94
c338 0 1444 23
c339 0 1452 9
c340 1 1454 11
c341 1 1458 2
c342 0 1458 29
c343 1 1458 57
c344 1 1466 5
c345 0 1466 15
c346 0 1472 70
c347 1 1476 77
c348 1 1480 23
c349 0 1487 42
c350 1 1487 90
c351 1 1489 23
c352 1 1490 59
c353 0 1495 96
c354 0 1504 10
c355 0 1505 15
c356 1 1509 21
c357 0 1517 49
c358 1 1526 24
c359 1 1534 79
c360 1 1535 27
c361 1 1542 82
c362 0 1549 28
c363 1 1552 46
c364 1 1559 30
c365 0 1562 28
c366 1 1566 66
c367 1 1574 94
c368 1 1578 30
c369 0 1583 79
c370 0 1589 90
c371 0 1598 71
c372 1 1599 98
c373 1 1606 18
c374 1 1607 16
c375 1 1610 80
c376 1 1611 37
c377 1 1616 60
c378 1 1625 33
c379 0 1628 93
c380 0 1630 5
c381 1 1632 25
c382 0 1637 19
c383 0 1644 94
c384 0 1650 94
c385 1 1659 60
c386 0 1665 11
c387 0 1673 29
c388 0 1675 33
c389 1 1683 51
c390 1 1690 47
c391 1 1695 74
c392 1 1703 62
c393 0 1705 51
c394 0 1706 40
c395 0 1707 69
c396 0 1715 44
c397 1 1720 98
c398 0 1729 73
c399 0 1730 39
c400 0 1734 18
c401 0 1735 57
c402 0 1737 96
c403 1 1746 41
c404 1 1751 90
c405 0 1754 64
c406 1 1758 40
c407 1 1763 66
c408 0 1768 68
c409 0 1775 1
c410 1 1776 88
c411 1 1779 43
c412 1 1781 5
c413 1 1781 13
c414 1 1790 35
c415 0 1794 90
c416 1 1798 16
c417 0 1804 38
c418 1 1811 86
c419 0 1811 8
c420 0 1813 66
c421 1 1821 59
c422 0 1828 80
c423 0 1836 78
c424 1 1844 22
c425 1 1848 23
c426 0 1853 69
c427 0 1858 95
c428 1 1865 82
c429 1 1867 70
c430 1 1876 13
c431 0 1881 15
c432 0 1882 34
c433 0 1883 59
c434 0 1886 56
c435 0 1887 10
c436 1 1896 98
c437 0 1897 97
c438 1 1905 90
c439 0 1905 49
c440 0 1907 29
c441 1 1915 17
c442 1 1915 53
c443 1 1919 42
c444 1 1924 24
c445 0 1924 58
c446 1 1925 3
c447 1 1926 76
c448 0 1930 21
c449 0 1936 47
c450 1 1938 75
c451 0 1945 26
c452 0 1954 85
c453 0 1959 9
c454 0 1961 22
c455 0 1964 40
c456 1 1973 47
c457 1 1976 99
c458 1 1978 97
c459 1 1982 58
c460 1 1985 22
c461 1 1993 3
c462 1 1998 57
c463 1 2004 91
c464 0 2012 40
c465 1 2012 85
c466 0 2015 47
c467 1 2019 63
c468 0 2027 59
c469 1 2032 62
c470 1 2032 76
c471 1 2041 19
c472 1 2044 36
c473 1 2052 23
c474 1 2053 30
c475 0 2058 85
c476 1 2067 7
c477 0 2076 74
c478 0 2077 13
c479 1 2086 19
c480 0 2089 42
c481 1 2090 10
c482 1 2093 79
c483 0 2098 88
c484 0 2107 74
c485 0 2113 45
c486 0 2121 13
c487 0 2129 11
c488 0 2132 47
c489 1 2141 81
c490 1 2147 21
c491 0 2154 90
c492 1 2157 53
c493 0 2164 45
c494 1 2172 65
c495 0 2173 68
c496 0 2179 29
c497 1 2182 79
c498 1 2187 46
c499 0 2192 75
c500 1 2192 94
