c00 0 0 42
c01 1 8 4
c02 1 16 54
c03 0 23 91
c04 1 25 79
c05 0 34 52
c06 1 36 13
c07 0 43 35
c08 0 51 21
c09 1 53 46
c10 1 57 58
c11 1 61 67
c12 1 70 70
c13 1 77 14
c14 1 85 39
c15 0 87 56
c16 1 94 54
c17 0 97 63
c18 0 97 9
c19 1 100 2
c20 1 108 40
c21 0 110 46
c22 0 112 92
c23 0 113 48
c24 1 117 64
c25 0 123 48
c26 1 124 63
c27 1 125 85
c28 0 127 36
c29 1 135 46
c30 1 142 68
c31 1 149 13
c32 0 157 41
c33 0 165 58
c34 1 166 63
c35 1 173 62
c36 1 175 21
c37 1 177 48
c38 0 183 78
c39 0 183 56
c40 0 192 76
c41 1 193 16
c42 1 202 83
c43 0 207 12
c44 0 209 94
c45 1 215 16
c46 0 216 15
c47 0 220 70
c48 1 225 64
c49 1 227 51
c50 1 229 92
c51 1 234 88
c52 1 239 38
c53 0 247 77
c54 1 249 44
c55 1 251 24
c56 1 254 54
c57 1 255 61
c58 1 256 9
c59 0 264 47
c60 0 264 51
c61 0 272 3
c62 1 280 65
c63 0 287 88
c64 1 287 58
c65 0 289 62
c66 0 298 23
c67 0 299 26
c68 1 306 43
c69 1 315 65
c70 1 315 49
c71 1 324 76
c72 1 328 52
c73 1 334 67
c74 1 342 20
c75 0 344 67
c76 1 349 10
c77 0 353 10
c78 0 356 2
c79 1 362 62
c80 1 368 69
c81 0 375 60
c82 1 380 43
c83 1 388 82
c84 0 392 27
c85 1 398 85
c86 0 398 17
c87 0 404 93
c88 1 409 32
c89 0 409 99
c90 1 416 27
c91 0 423 7
c92 1 429 39
c93 0 433 71
c94 1 433 98
c95 0 442 64
c96 1 449 23
c97 1 458 18
c98 1 460 89
c99 0 469 45
c100 1 470 80
c101 0 470 31
c102 1 470 15
c103 0 472 20
c104 0 481 65
c105 1 486 44
c106 1 491 43
c107 1 496 56
c108 0 499 7
c109 1 500 5
c110 0 509 13
c111 1 517 27
c112 1 524 10
c113 0 533 57
c114 0 542 27
c115 1 549 52
c116 1 553 49
c117 1 558 16
c118 1 561 77
c119 1 565 37
c120 1 567 40
c121 0 572 12
c122 1 574 22
c123 1 577 7
c124 1 585 78
c125 1 592 14
c126 0 600 71
c127 0 603 46
c128 0 612 15
c129 1 621 81
c130 0 627 64
c131 0 636 66
c132 0 643 60
c133 0 650 38
c134 1 654 37
c135 0 655 36
c136 1 661 75
c137 1 665 19
c138 0 672 74
c139 1 675 64
c140 1 680 31
c141 1 689 52
c142 1 693 99
c143 0 694 82
c144 1 694 26
c145 1 698 45
c146 0 707 18
c147 0 708 79
c148 0 713 53
c149 1 719 80
c150 1 726 18
c151 1 726 70
c152 1 729 71
c153 1 736 88
c154 0 738 82
c155 0 745 22
c156 0 754 99
c157 0 760 69
c158 1 766 58
c159 0 770 45
c160 1 773 45
c161 0 774 21
c162 1 783 71
c163 0 783 2
c164 1 788 75
c165 0 795 97
c166 1 801 29
c167 1 801 6
c168 1 808 20
c169 0 812 81
c170 1 817 38
c171 1 817 39
c172 0 825 54
c173 0 828 13
c174 0 829 50
c175 0 834 33
c176 0 841 73
c177 0 845 42
c178 0 848 46
c179 1 856 13
c180 0 863 89
c181 0 871 22
c182 0 879 64
c183 0 885 89
c184 0 887 59
c185 1 887 65
c186 1 887 72
c187 0 891 58
c188 0 900 60
c189 1 908 26
c190 1 917 4
c191 1 921 44
c192 1 927 71
c193 0 929 5
c194 0 931 29
c195 0 933 58
c196 0 942 37
c197 0 943 37
c198 0 946 95
c199 1 954 60
c200 0 959 47
c201 1 968 29
c202 0 977 11
c203 0 982 97
c204 0 982 26
c205 1 991 35
c206 1 997 69
c207 0 997 9
c208 1 1001 74
c209 1 1006 81
c210 0 1008 59
c211 1 1009 25
c212 0 1017 31
c213 1 1024 46
c214 0 1027 56
c215 1 1032 90
c216 0 1034 37
c217 0 1038 32
c218 0 1038 75
c219 1 1042 65
c220 1 1042 77
c221 0 1044 34
c222 0 1044 80
c223 0 1045 93
c224 1 1048 22
c225 1 1056 78
c226 0 1062 60
c227 0 1062 89
c228 1 1062 92
c229 1 1067 48
c230 0 1069 43
c231 0 1069 25
c232 1 1075 9
c233 0 1076 51
c234 0 1082 36
c235 0 1089 55
c236 0 1090 73
c237 1 1098 94
c238 0 1100 82
c239 1 1109 95
c240 0 1111 12
c241 0 1115 91
c242 0 1123 8
c243 0 1131 90
c244 0 1139 70
c245 0 1141 79
c246 0 1148 32
c247 1 1150 51
c248 0 1159 91
c249 1 1159 54
c250 1 1168 42
c251 0 1171 72
c252 1 1179 15
c253 0 1180 30
c254 1 1189 90
c255 0 1192 94
c256 0 1195 13
c257 0 1202 44
c258 1 1208 85
c259 0 1208 4
c260 1 1208 26
c261 1 1210 44
c262 1 1211 51
c263 0 1213 52
c264 1 1217 46
c265 1 1221 84
c266 1 1228 9
c267 0 1234 97
c268 0 1235 59
c269 0 1239 43
c270 0 1242 21
c271 0 1251 6
c272 0 1251 63
c273 1 1254 70
c274 1 1258 16
c275 0 1260 9
c276 0 1264 4
c277 0 1273 42
c278 0 1276 88
c279 1 1281 84
c280 1 1286 21
c281 0 1294 36
c282 1 1296 55
c283 0 1304 25
c284 0 1312 69
c285 1 1321 71
c286 0 1326 40
c287 0 1333 7
c288 1 1339 94
c289 0 1345 61
c290 1 1352 45
c291 1 1359 61
c292 0 1360 11
c293 1 1365 37
c294 0 1370 46
c295 0 1379 60
c296 1 1382 48
c297 1 1386 55
c298 0 1391 31
c299 0 1400 66
c300 0 1402 5
c301 1 1405 64
c302 1 1410 77
c303 1 1418 95
c304 0 1418 4
c305 1 1422 61
c306 1 1425 65
c307 1 1427 94
c308 0 1431 60
c309 1 1433 31
c310 0 1437 93
c311 1 1438 21
c312 1 1446 39
c313 0 1451 20
c314 1 1458 30
c315 0 1461 49
c316 0 1465 37
c317 0 1468 66
c318 0 1474 97
c319 1 1483 46
c320 1 1489 96
c321 0 1493 99
c322 1 1493 78
c323 0 1499 15
c324 0 1506 87
c325 1 1508 99
c326 1 1515 17
c327 0 1515 29
c328 1 1523 41
c329 1 1528 69
c330 0 1533 9
c331 1 1540 22
c332 0 1544 1
c333 0 1544 50
c334 0 1544 21
c335 0 1546 59
c336 1 1552 95
c337 1 1560 86
c338 1 1569 99
c339 0 1574 46
c340 0 1575 59
c341 1 1580 79
c342 1 1584 39
c343 1 1592 86
c344 1 1599 45
c345 1 1607 8
c346 1 1611 78
c347 0 1616 99
c348 0 1622 90
c349 0 1630 63
c350 1 1636 92
c351 1 1639 2
c352 0 1646 37
c353 1 1653 38
c354 1 1653 16
c355 0 1662 68
c356 0 1666 45
c357 0 1672 29
c358 1 1680 8
c359 0 1681 89
c360 0 1687 37
c361 0 1687 36
c362 1 1691 62
c363 0 1693 79
c364 0 1696 71
c365 1 1704 55
c366 0 1711 91
c367 1 1715 26
c368 1 1716 2
c369 0 1722 31
c370 1 1728 90
c371 1 1728 8
c372 1 1731 40
c373 0 1734 67
c374 1 1740 26
c375 1 1742 68
c376 0 1748 84
c377 1 1752 20
c378 0 1753 59
c379 0 1755 7
c380 1 1757 21
c381 1 1766 71
c382 0 1771 68
c383 0 1775 34
c384 0 1778 98
c385 0 1781 36
c386 1 1784 44
c387 1 1792 68
c388 1 1792 83
c389 0 1794 89
c390 1 1800 68
c391 1 1809 11
c392 0 1813 35
c393 0 1813 48
c394 0 1821 29
c395 1 1824 68
c396 1 1828 93
c397 0 1830 97
c398 0 1832 39
c399 1 1835 85
c400 0 1838 45
c401 1 1840 1
c402 1 1849 21
c403 1 1849 99
c404 1 1857 65
c405 0 1858 85
c406 0 1861 87
c407 1 1863 29
c408 0 1866 66
c409 0 1869 4
c410 1 1873 40
c411 1 1881 16
c412 0 1887 12
c413 1 1896 1
c414 0 1904 1
c415 1 1905 8
c416 1 1913 40
c417 1 1920 44
c418 1 1922 4
c419 1 1925 52
c420 0 1932 86
c421 0 1940 74
c422 0 1946 49
c423 0 1951 6
c424 0 1959 72
c425 1 1961 70
c426 1 1961 73
c427 1 1964 3
c428 0 1965 26
c429 0 1965 26
c430 0 1965 89
c431 1 1967 57
c432 1 1970 58
c433 1 1973 27
c434 1 1976 43
c435 0 1978 41
c436 0 1983 90
c437 1 1987 16
c438 1 1993 30
c439 0 2002 29
c440 1 2003 78
c441 1 2007 33
c442 0 2009 6
c443 1 2013 74
c444 1 2013 70
c445 1 2013 14
c446 1 2013 23
c447 0 2016 34
c448 1 2023 49
c449 1 2028 59
c450 1 2035 48
c451 0 2038 35
c452 0 2040 83
c453 1 2041 40
c454 0 2042 67
c455 0 2049 18
c456 0 2052 25
c457 0 2052 6
c458 0 2060 89
c459 0 2067 24
c460 0 2068 80
c461 0 2070 52
c462 0 2075 85
c463 0 2076 16
c464 1 2082 81
c465 0 2085 33
c466 1 2086 31
c467 1 2092 73
c468 1 2099 87
c469 0 2105 32
c470 1 2106 34
c471 0 2107 13
c472 1 2115 74
c473 1 2119 47
c474 0 2127 50
c475 0 2133 8
c476 0 2139 5
c477 0 2146 93
c478 0 2155 39
c479 1 2161 18
c480 0 2165 10
c481 1 2172 27
c482 0 2172 39
c483 1 2174 5
c484 1 2174 21
c485 1 2180 92
c486 0 2182 62
c487 1 2182 5
c488 1 2189 31
c489 0 2195 35
c490 0 2203 4
c491 0 2210 80
c492 1 2210 66
c493 1 2213 48
c494 0 2213 16
c495 0 2214 43
c496 0 2220 41
c497 1 2224 92
c498 1 2233 7
c499 1 2239 55
c500 1 2242 76
