c00 1 0 66
c01 0 6 10
c02 0 10 25
c03 0 15 37
c04 1 21 91
c05 1 28 51
c06 0 36 5
c07 1 43 8
c08 0 47 50
c09 1 54 76
c10 1 59 3
c11 0 63 77
c12 1 66 20
c13 1 70 61
c14 0 70 95
c15 1 75 63
c16 0 76 51
c17 1 85 73
c18 0 92 39
c19 0 99 41
c20 1 101 3
c21 1 108 11
c22 1 117 56
c23 1 125 59
c24 1 130 84
c25 0 139 62
c26 0 143 99
c27 0 143 88
c28 1 149 5
c29 0 150 80
c30 1 157 45
c31 0 161 51
c32 1 164 74
c33 1 167 89
c34 1 176 64
c35 1 185 35
c36 1 187 6
c37 0 189 78
c38 1 191 93
c39 1 194 81
c40 0 197 79
c41 1 204 48
c42 1 204 62
c43 1 207 24
c44 0 213 51
c45 1 219 64
c46 1 225 67
c47 1 227 30
c48 1 236 82
c49 1 244 4
c50 1 253 86
c51 1 259 3
c52 1 266 59
c53 0 274 45
c54 1 278 37
c55 0 287 27
c56 1 290 98
c57 0 295 82
c58 0 299 61
c59 0 300 87
c60 1 304 70
c61 0 305 43
c62 0 312 18
c63 0 313 50
c64 0 317 16
c65 1 322 2
c66 0 326 82
c67 1 326 55
c68 0 327 27
c69 1 334 42
c70 0 334 22
c71 1 340 83
c72 1 340 43
c73 1 340 86
c74 0 343 66
c75 1 349 8
c76 1 349 74
c77 0 357 97
c78 0 360 82
c79 1 367 88
c80 0 375 54
c81 0 380 97
c82 1 384 83
c83 1 387 91
c84 1 391 2
c85 1 392 17
c86 1 400 45
c87 0 406 78
c88 1 414 66
c89 0 421 87
c90 0 428 79
c91 1 431 6
c92 1 440 35
c93 1 442 65
c94 1 442 49
c95 1 446 86
c96 1 452 91
c97 0 456 82
c98 1 463 1
c99 0 471 94
c100 1 471 20
c101 0 477 58
c102 1 479 59
c103 1 487 90
c104 0 489 13
c105 0 493 12
c106 0 496 17
c107 0 504 64
c108 1 508 86
c109 1 512 58
c110 0 518 52
c111 1 524 54
c112 0 524 9
c113 1 532 59
c114 1 541 1
c115 1 548 91
c116 1 555 61
c117 1 563 80
c118 1 572 25
c119 0 573 14
c120 0 573 18
c121 0 582 56
c122 0 587 26
c123 1 591 61
c124 0 591 92
c125 0 599 86
c126 0 602 75
c127 1 608 95
c128 0 608 97
c129 1 614 13
c130 1 614 9
c131 0 622 42
c132 1 631 76
c133 0 631 45
c134 1 632 54
c135 1 641 83
c136 0 645 23
c137 1 649 15
c138 1 652 47
c139 1 655 99
c140 0 656 48
c141 0 664 34
c142 0 672 27
c143 1 677 96
c144 1 682 93
c145 1 687 38
c146 0 693 15
c147 0 698 32
c148 1 701 46
c149 1 702 9
c150 0 711 48
c151 1 713 2
c152 1 717 54
c153 0 723 33
c154 1 726 36
c155 1 730 8
c156 0 739 43
c157 1 740 35
c158 0 749 16
c159 1 757 14
c160 1 764 52
c161 0 772 74
c162 0 777 28
c163 1 784 88
c164 1 791 76
c165 1 794 19
c166 0 799 53
c167 1 805 86
c168 1 811 16
c169 0 813 91
c170 0 818 31
c171 1 824 53
c172 1 830 80
c173 0 831 11
c174 0 840 50
c175 0 847 40
c176 0 856 81
c177 0 858 32
c178 1 863 69
c179 1 865 62
c180 1 871 27
c181 0 873 23
c182 0 882 96
c183 1 889 40
c184 0 889 8
c185 0 898 13
c186 1 903 67
c187 1 912 50
c188 1 919 60
c189 0 925 41
c190 1 929 50
c191 0 929 79
c192 1 932 26
c193 0 935 70
c194 1 943 63
c195 1 947 30
c196 1 949 48
c197 1 954 38
c198 0 962 21
c199 0 962 83
c200 0 967 90
c201 1 969 16
c202 1 975 93
c203 1 981 1
c204 0 990 96
c205 1 994 63
c206 1 994 13
c207 1 996 22
c208 0 996 13
c209 1 1005 41
c210 0 1005 88
c211 1 1012 60
c212 1 1016 54
c213 1 1025 98
c214 0 1028 30
c215 0 1033 41
c216 1 1041 92
c217 1 1045 63
c218 0 1045 63
c219 1 1046 8
c220 0 1051 19
c221 0 1057 30
c222 1 1059 4
c223 0 1059 46
c224 0 1060 37
c225 0 1062 55
c226 1 1067 47
c227 0 1074 45
c228 0 1083 55
c229 1 1091 46
c230 0 1093 96
c231 1 1094 13
c232 1 1096 75
c233 1 1101 79
c234 0 1110 14
c235 0 1114 66
c236 1 1123 41
c237 0 1129 86
c238 1 1131 49
c239 0 1131 16
c240 1 1138 53
c241 0 1138 46
c242 1 1140 23
c243 0 1147 70
c244 1 1152 53
c245 0 1155 43
c246 1 1163 68
c247 0 1169 9
c248 1 1176 87
c249 0 1178 2
c250 1 1183 32
c251 1 1192 41
c252 1 1201 24
c253 0 1202 24
c254 0 1207 80
c255 1 1208 89
c256 0 1213 84
c257 1 1213 61
c258 1 1216 72
c259 1 1218 94
c260 1 1225 44
c261 0 1233 88
c262 1 1236 82
c263 1 1236 29
c264 1 1245 37
c265 1 1253 91
c266 0 1257 37
c267 0 1257 10
c268 0 1261 11
c269 1 1267 70
c270 0 1271 16
c271 0 1274 52
c272 1 1281 83
c273 0 1282 65
c274 1 1289 86
c275 1 1295 26
c276 1 1296 8
c277 1 1296 39
c278 0 1303 77
c279 0 1305 82
c280 1 1311 90
c281 0 1316 74
c282 1 1325 25
c283 1 1330 46
c284 0 1339 39
c285 0 1348 22
c286 1 1351 17
c287 0 1355 14
c288 1 1359 22
c289 1 1360 37
c290 0 1362 60
c291 1 1366 88
c292 0 1368 65
c293 1 1375 46
c294 1 1378 62
c295 1 1382 22
c296 0 1390 80
c297 1 1397 38
c298 1 1401 98
c299 0 1410 25
c300 0 1417 44
c301 0 1419 47
c302 1 1423 48
c303 1 1431 59
c304 0 1433 74
c305 1 1440 5
c306 1 1449 30
c307 0 1452 53
c308 1 1459 41
c309 1 1462 95
c310 0 1462 80
c311 0 1465 88
c312 0 1468 43
c313 1 1476 15
c314 1 1485 5
c315 1 1487 2
c316 1 1492 78
c317 1 1500 8
c318 1 1504 52
c319 1 1505 57
c320 1 1506 4
c321 1 1510 88
c322 0 1517 98
c323 1 1518 18
c324 0 1527 41
c325 1 1527 70
c326 1 1529 89
c327 1 1531 51
c328 0 1531 42
c329 1 1531 47
c330 0 1532 13
c331 0 1535 8
c332 0 1542 85
c333 0 1542 11
c334 0 1548 60
c335 0 1554 78
c336 1 1560 75
c337 0 1565 98
c338 0 1567 63
c339 1 1573 39
c340 1 1577 64
c341 1 1583 12
c342 0 1583 13
c343 0 1585 52
c344 1 1591 4
c345 1 1591 43
c346 0 1597 23
c347 1 1599 59
c348 0 1600 78
c349 0 1602 81
c350 1 1611 43
c351 0 1617 48
c352 0 1624 5
c353 1 1633 28
c354 0 1634 64
c355 0 1639 90
c356 1 1645 72
c357 0 1654 77
c358 0 1663 56
c359 1 1663 26
c360 1 1667 42
c361 1 1670 11
c362 1 1678 5
c363 1 1682 25
c364 1 1688 6
c365 0 1689 89
c366 0 1691 17
c367 0 1696 5
c368 1 1697 56
c369 1 1701 16
c370 1 1708 19
c371 1 1714 4
c372 0 1718 36
c373 0 1725 22
c374 1 1729 65
c375 1 1738 66
c376 1 1743 43
c377 0 1752 12
c378 1 1758 79
c379 0 1767 66
c380 1 1769 54
c381 0 1770 31
c382 1 1771 47
c383 0 1780 3
c384 0 1787 54
c385 1 1788 81
c386 1 1793 60
c387 0 1795 7
c388 1 1803 40
c389 1 1806 62
c390 1 1815 44
c391 1 1820 27
c392 1 1825 59
c393 1 1833 73
c394 1 1836 39
c395 0 1844 48
c396 1 1853 63
c397 0 1854 31
c398 0 1855 9
c399 0 1863 79
c400 0 1872 4
c401 0 1880 81
c402 0 1888 30
c403 0 1895 71
c404 0 1902 79
c405 0 1905 52
c406 0 1909 26
c407 0 1914 31
c408 1 1916 59
c409 1 1923 2
c410 0 1931 35
c411 0 1937 48
c412 1 1939 37
c413 1 1941 1
c414 0 1946 39
c415 1 1949 26
c416 0 1950 43
c417 0 1950 23
c418 1 1950 27
c419 1 1958 47
c420 1 1958 17
c421 1 1960 16
c422 1 1961 83
c423 0 1962 69
c424 1 1970 20
c425 1 1979 29
c426 0 1986 38
c427 0 1995 27
c428 1 2003 97
c429 0 2005 23
c430 0 2008 31
c431 0 2010 94
c432 0 2018 18
c433 1 2021 21
c434 0 2027 3
c435 1 2034 56
c436 0 2042 96
c437 1 2048 33
c438 0 2054 86
c439 0 2055 51
c440 1 2058 19
c441 0 2063 79
c442 1 2070 67
c443 0 2079 7
c444 1 2079 63
c445 1 2087 45
c446 1 2087 12
c447 1 2090 25
c448 1 2093 61
c449 0 2098 53
c450 1 2098 54
c451 0 2102 47
c452 0 2106 78
c453 0 2109 25
c454 1 2114 73
c455 1 2120 55
c456 0 2125 84
c457 0 2126 98
c458 0 2132 29
c459 1 2139 79
c460 0 2148 86
c461 0 2157 48
c462 0 2166 93
c463 0 2175 29
c464 1 2180 31
c465 0 2184 25
c466 0 2186 26
c467 1 2190 31
c468 0 2195 7
c469 1 2198 10
c470 1 2205 94
c471 0 2205 24
c472 1 2209 75
c473 0 2217 43
c474 0 2225 6
c475 1 2229 75
c476 1 2235 58
c477 0 2242 41
c478 0 2245 8
c479 1 2250 20
c480 0 2252 41
c481 0 2258 23
c482 0 2261 19
c483 1 2267 68
c484 0 2273 11
c485 1 2279 30
c486 1 2279 34
c487 0 2287 40
c488 0 2292 50
c489 0 2299 98
c490 1 2305 22
c491 0 2310 27
c492 1 2316 92
c493 0 2320 78
c494 0 2328 17
c495 1 2337 3
c496 0 2340 41
c497 1 2347 10
c498 0 2352 60
c499 0 2356 7
c500 1 2359 38
