c00 1 0 93
c01 1 2 86
c02 0 8 11
c03 1 12 95
c04 0 17 35
c05 0 26 31
c06 0 33 7
c07 0 37 77
c08 0 42 54
c09 1 44 96
c10 0 47 16
c11 0 53 24
c12 0 61 4
c13 1 67 77
c14 1 74 68
c15 0 81 85
c16 1 85 64
c17 1 94 7
c18 0 97 44
c19 0 103 91
c20 1 110 8
c21 0 118 32
c22 0 121 26
c23 1 129 81
c24 0 133 78
c25 1 139 93
c26 1 142 45
c27 0 145 85
c28 1 154 23
c29 1 155 92
c30 0 156 64
c31 1 164 40
c32 1 168 95
c33 0 176 18
c34 1 179 59
c35 0 180 37
c36 1 187 52
c37 1 190 58
c38 1 199 81
c39 1 203 55
c40 0 212 70
c41 0 221 2
c42 1 228 41
c43 1 232 12
c44 1 232 25
c45 1 233 36
c46 1 233 12
c47 0 237 8
c48 0 246 73
c49 0 247 30
c50 0 251 8
c51 1 251 11
c52 1 254 85
c53 0 257 12
c54 0 262 38
c55 0 265 29
c56 0 271 57
c57 1 273 6
c58 0 279 61
c59 1 286 7
c60 0 287 53
c61 1 289 61
c62 0 290 85
c63 0 293 10
c64 1 299 81
c65 1 301 18
c66 1 305 77
c67 1 308 78
c68 1 316 47
c69 0 318 64
c70 0 321 51
c71 1 324 52
c72 1 324 8
c73 1 326 41
c74 1 326 90
c75 1 328 36
c76 0 332 66
c77 0 338 22
c78 1 345 58
c79 1 354 17
c80 0 359 10
c81 1 360 61
c82 0 365 56
c83 1 368 50
c84 1 373 54
c85 1 375 59
c86 1 383 77
c87 1 392 13
c88 1 393 57
c89 0 395 9
c90 1 400 13
c91 1 408 63
c92 1 409 86
c93 0 413 33
c94 1 417 20
c95 1 417 28
c96 0 419 32
c97 1 423 18
c98 1 428 69
c99 1 434 63
c100 1 437 38
c101 0 439 53
c102 0 441 15
c103 0 450 39
c104 1 458 2
c105 1 465 90
c106 0 470 86
c107 0 474 8
c108 1 481 45
c109 0 489 30
c110 0 495 75
c111 0 499 18
c112 0 505 51
c113 0 505 8
c114 0 514 61
c115 1 519 37
c116 0 520 6
c117 1 525 73
c118 0 525 62
c119 0 526 30
c120 1 535 17
c121 1 542 72
c122 0 546 90
c123 1 550 11
c124 0 556 13
c125 0 563 86
c126 0 565 56
c127 0 569 17
c128 0 569 50
c129 0 570 24
c130 1 571 99
c131 1 579 52
c132 1 584 16
c133 0 588 65
c134 1 591 95
c135 1 598 75
c136 0 598 9
c137 0 602 49
c138 0 606 33
c139 1 611 56
c140 0 620 66
c141 0 624 64
c142 0 627 80
c143 1 635 75
c144 1 642 32
c145 1 643 5
c146 1 643 18
c147 1 643 25
c148 0 650 88
c149 1 651 47
c150 1 656 40
c151 0 665 86
c152 1 667 55
c153 0 667 94
c154 1 672 22
c155 0 675 33
c156 0 680 50
c157 0 687 45
c158 0 688 77
c159 1 697 96
c160 0 699 46
c161 0 705 20
c162 1 708 21
c163 1 708 68
c164 1 709 86
c165 0 715 57
c166 1 719 23
c167 0 724 67
c168 0 724 39
c169 1 727 25
c170 1 729 77
c171 0 734 90
c172 0 739 92
c173 0 742 95
c174 0 749 37
c175 1 749 91
c176 1 752 67
c177 1 753 14
c178 1 762 71
c179 0 762 69
c180 0 762 30
c181 1 762 18
c182 1 766 19
c183 1 768 94
c184 1 770 9
c185 0 771 96
c186 0 772 31
c187 1 780 98
c188 0 789 42
c189 1 795 95
c190 0 797 37
c191 1 799 12
c192 1 808 38
c193 0 809 6
c194 0 818 76
c195 0 824 55
c196 1 826 22
c197 0 830 59
c198 0 835 49
c199 1 837 44
c200 0 838 8
c201 0 842 39
c202 1 843 7
c203 0 847 27
c204 1 853 65
c205 0 862 46
c206 0 863 76
c207 0 864 77
c208 0 872 47
c209 1 874 43
c210 1 879 70
c211 1 882 17
c212 0 891 18
c213 0 900 47
c214 1 909 58
c215 0 911 15
c216 0 913 14
c217 1 916 6
c218 0 921 98
c219 0 926 97
c220 0 926 54
c221 1 928 55
c222 1 932 21
c223 1 935 93
c224 0 943 44
c225 0 948 56
c226 0 949 61
c227 1 952 83
c228 1 957 13
c229 1 957 18
c230 0 963 66
c231 0 963 40
c232 1 965 38
c233 0 974 75
c234 0 983 26
c235 1 985 45
c236 0 988 89
c237 1 994 90
c238 1 1001 44
c239 1 1001 18
c240 0 1003 65
c241 0 1007 39
c242 1 1013 54
c243 0 1021 92
c244 1 1028 19
c245 0 1030 44
c246 0 1038 19
c247 1 1044 56
c248 0 1051 54
c249 1 1059 83
c250 0 1063 34
c251 0 1070 34
c252 0 1070 33
c253 1 1077 83
c254 0 1083 40
c255 1 1084 71
c256 0 1084 51
c257 0 1091 6
c258 0 1091 85
c259 0 1093 53
c260 1 1093 68
c261 0 1094 85
c262 1 1102 68
c263 0 1110 6
c264 0 1113 50
c265 1 1122 19
c266 1 1129 17
c267 0 1136 3
c268 0 1136 85
c269 1 1142 67
c270 1 1151 69
c271 0 1152 15
c272 1 1160 65
c273 1 1164 72
c274 0 1171 11
c275 0 1173 45
c276 0 1181 40
c277 0 1183 81
c278 1 1192 66
c279 0 1200 51
c280 1 1206 24
c281 0 1213 39
c282 1 1220 21
c283 1 1228 50
c284 0 1228 90
c285 0 1236 99
c286 0 1240 66
c287 0 1246 58
c288 1 1247 57
c289 0 1248 6
c290 0 1252 88
c291 1 1253 50
c292 0 1253 28
c293 0 1258 88
c294 0 1261 24
c295 1 1266 30
c296 1 1267 67
c297 1 1268 41
c298 1 1271 62
c299 0 1279 43
c300 1 1281 28
c301 1 1290 68
c302 1 1298 98
c303 1 1302 25
c304 1 1305 15
c305 1 1311 83
c306 0 1316 97
c307 0 1324 33
c308 0 1330 67
c309 0 1336 75
c310 0 1342 10
c311 1 1344 41
c312 0 1347 10
c313 0 1355 52
c314 0 1355 34
c315 1 1358 53
c316 0 1367 87
c317 1 1372 67
c318 0 1381 72
c319 0 1387 63
c320 0 1387 93
c321 0 1391 13
c322 0 1392 70
c323 1 1399 35
c324 0 1407 19
c325 1 1413 12
c326 0 1417 84
c327 0 1426 67
c328 0 1434 7
c329 0 1437 76
c330 0 1445 81
c331 0 1446 26
c332 1 1447 16
c333 1 1454 78
c334 0 1460 66
c335 0 1460 29
c336 0 1461 59
c337 0 1464 71
c338 1 1469 66
c339 0 1475 55
c340 1 1484 63
c341 0 1492 62
c342 0 1500 11
c343 0 1501 59
c344 0 1504 21
c345 0 1508 76
c346 1 1508 17
c347 1 1510 56
c348 0 1510 86
c349 1 1518 86
c350 1 1526 24
c351 0 1531 34
c352 1 1531 42
c353 0 1539 7
c354 0 1544 84
c355 1 1550 40
c356 1 1559 18
c357 0 1559 59
c358 0 1562 71
c359 0 1563 47
c360 0 1563 58
c361 1 1565 80
c362 1 1569 62
c363 0 1570 21
c364 0 1578 58
c365 1 1583 17
c366 0 1592 17
c367 0 1593 72
c368 1 1593 88
c369 1 1600 87
c370 1 1601 99
c371 1 1603 59
c372 1 1606 52
c373 1 1613 79
c374 1 1621 72
c375 0 1621 82
c376 1 1624 32
c377 1 1630 70
c378 1 1630 80
c379 0 1632 27
c380 1 1638 9
c381 0 1644 32
c382 1 1645 57
c383 1 1652 93
c384 1 1655 9
c385 1 1656 4
c386 1 1662 44
c387 1 1668 14
c388 1 1672 72
c389 0 1678 61
c390 1 1687 19
c391 0 1695 38
c392 1 1695 22
c393 0 1700 98
c394 1 1702 27
c395 1 1710 98
c396 1 1715 16
c397 1 1724 34
c398 1 1725 17
c399 0 1727 68
c400 1 1733 76
c401 1 1738 9
c402 0 1741 49
c403 1 1745 30
c404 0 1754 22
c405 0 1754 82
c406 1 1762 99
c407 0 1770 85
c408 1 1777 80
c409 0 1784 12
c410 0 1789 18
c411 1 1789 4
c412 0 1793 58
c413 1 1796 40
c414 1 1796 69
c415 1 1800 11
c416 0 1802 53
c417 0 1810 4
c418 0 1812 29
c419 0 1820 70
c420 0 1821 15
c421 1 1821 93
c422 0 1825 10
c423 1 1833 12
c424 1 1840 65
c425 1 1844 75
c426 1 1851 90
c427 1 1851 28
c428 0 1856 33
c429 1 1859 83
c430 0 1868 85
c431 0 1874 26
c432 0 1877 56
c433 0 1878 83
c434 1 1885 84
c435 1 1890 78
c436 0 1891 19
c437 0 1899 1
c438 0 1901 35
c439 0 1910 99
c440 0 1910 15
c441 0 1917 48
c442 0 1924 41
c443 1 1924 27
c444 0 1927 21
c445 1 1930 98
c446 1 1932 92
c447 1 1934 17
c448 1 1939 88
c449 1 1939 72
c450 0 1943 3
c451 0 1945 69
c452 1 1947 27
c453 0 1955 98
c454 0 1963 69
c455 1 1972 75
c456 0 1973 51
c457 1 1978 32
c458 1 1979 75
c459 1 1983 49
c460 0 1985 88
c461 1 1994 4
c462 0 1994 89
c463 0 2000 70
c464 1 2003 27
c465 0 2008 22
c466 0 2017 41
c467 0 2018 84
c468 0 2027 44
c469 1 2035 44
c470 0 2044 36
c471 1 2052 10
c472 0 2054 25
c473 1 2058 54
c474 1 2059 99
c475 0 2062 7
c476 1 2068 51
c477 1 2069 17
c478 0 2070 35
c479 0 2071 64
c480 1 2079 99
c481 0 2084 96
c482 1 2086 30
c483 0 2091 10
c484 0 2096 3
c485 0 2105 44
c486 1 2113 85
c487 0 2118 91
c488 0 2118 6
c489 0 2120 64
c490 0 2126 53
c491 1 2131 27
c492 0 2138 77
c493 0 2142 70
c494 1 2150 99
c495 0 2157 43
c496 0 2157 94
c497 0 2165 6
c498 1 2169 49
c499 1 2173 46
c500 1 2175 63
