c00 0 0 14
c01 1 9 67
c02 1 15 91
c03 0 23 91
c04 0 24 91
c05 0 27 3
c06 0 33 35
c07 0 34 31
c08 1 38 88
c09 0 43 76
c10 1 45 40
c11 1 49 48
c12 0 53 88
c13 1 61 60
c14 1 68 51
c15 0 75 12
c16 0 80 79
c17 0 84 59
c18 0 84 63
c19 0 91 66
c20 1 96 41
c21 0 102 60
c22 0 105 12
c23 0 107 96
c24 0 108 81
c25 0 113 79
c26 1 121 9
c27 0 128 95
c28 0 130 22
c29 1 139 34
c30 1 143 76
c31 0 147 2
c32 1 150 63
c33 1 153 42
c34 1 157 35
c35 1 159 42
c36 1 166 22
c37 0 175 82
c38 0 175 65
c39 0 182 51
c40 0 187 41
c41 0 190 72
c42 0 193 63
c43 1 198 95
c44 1 199 57
c45 0 205 82
c46 1 213 80
c47 0 215 85
c48 1 215 13
c49 1 215 57
c50 1 224 46
c51 0 224 28
c52 1 229 14
c53 1 235 97
c54 0 242 56
c55 1 243 82
c56 1 249 73
c57 1 257 35
c58 0 263 92
c59 1 272 18
c60 1 279 60
c61 1 286 25
c62 0 295 66
c63 1 297 95
c64 1 301 17
c65 0 301 17
c66 0 305 8
c67 0 313 86
c68 0 318 3
c69 0 323 36
c70 1 324 98
c71 0 326 30
c72 1 334 40
c73 0 338 71
c74 1 344 12
c75 1 350 45
c76 0 351 69
c77 0 357 56
c78 0 362 91
c79 1 368 19
c80 0 375 94
c81 0 378 23
c82 1 384 23
c83 1 385 9
c84 0 391 72
c85 1 398 27
c86 0 398 42
c87 0 405 17
c88 0 406 56
c89 0 413 49
c90 0 419 29
c91 0 424 53
c92 0 433 29
c93 1 437 70
c94 1 444 3
c95 0 447 52
c96 0 447 4
c97 0 455 69
c98 1 458 94
c99 1 464 20
c100 0 467 52
c101 1 473 23
c102 0 481 13
c103 0 489 46
c104 1 496 4
c105 0 500 84
c106 0 505 62
c107 1 513 93
c108 1 519 72
c109 0 521 36
c110 0 522 19
c111 1 526 24
c112 1 530 82
c113 0 532 40
c114 0 539 50
c115 1 545 58
c116 1 545 69
c117 0 546 85
c118 0 554 35
c119 0 561 86
c120 0 564 92
c121 0 565 75
c122 1 569 81
c123 0 573 77
c124 0 581 59
c125 0 588 10
c126 0 588 84
c127 1 595 67
c128 0 599 99
c129 0 608 37
c130 0 617 68
c131 1 625 26
c132 1 632 38
c133 0 640 39
c134 1 647 2
c135 0 654 87
c136 0 656 24
c137 1 662 36
c138 1 670 84
c139 0 673 22
c140 1 676 38
c141 0 679 84
c142 0 683 48
c143 1 691 92
c144 1 695 19
c145 0 699 13
c146 1 699 63
c147 1 701 65
c148 1 704 82
c149 0 713 26
c150 1 717 7
c151 1 726 84
c152 1 735 93
c153 0 739 60
c154 1 746 38
c155 0 748 50
c156 1 757 38
c157 1 765 63
c158 1 768 1
c159 0 770 26
c160 0 778 10
c161 0 782 23
c162 0 783 77
c163 1 787 30
c164 0 792 6
c165 0 800 56
c166 0 804 9
c167 1 812 56
c168 1 818 63
c169 1 823 6
c170 1 829 15
c171 1 836 49
c172 0 841 88
c173 0 845 84
c174 0 850 49
c175 1 850 95
c176 1 855 53
c177 0 864 30
c178 0 867 84
c179 0 869 20
c180 0 870 74
c181 1 878 76
c182 1 884 30
c183 0 887 47
c184 0 893 24
c185 0 899 37
c186 0 904 31
c187 0 911 42
c188 0 917 23
c189 0 922 94
c190 0 927 97
c191 0 929 45
c192 0 938 64
c193 1 946 85
c194 0 954 88
c195 1 961 41
c196 0 963 82
c197 1 967 6
c198 1 970 35
c199 0 972 83
c200 1 977 80
c201 0 985 84
c202 1 986 25
c203 0 990 3
c204 1 992 78
c205 1 993 35
c206 1 998 31
c207 1 998 95
c208 1 1004 20
c209 0 1006 5
c210 1 1013 30
c211 0 1021 72
c212 0 1022 14
c213 1 1028 25
c214 0 1031 71
c215 0 1032 78
c216 0 1039 97
c217 1 1047 59
c218 1 1051 14
c219 1 1060 85
c220 1 1061 6
c221 0 1068 32
c222 0 1072 56
c223 0 1075 32
c224 1 1081 95
c225 1 1084 3
c226 0 1088 64
c227 1 1089 45
c228 1 1089 36
c229 1 1093 89
c230 0 1094 64
c231 1 1101 33
c232 1 1110 1
c233 0 1114 71
c234 0 1123 45
c235 0 1125 68
c236 1 1131 53
c237 0 1139 18
c238 1 1145 14
c239 0 1148 80
c240 0 1154 34
c241 1 1159 15
c242 0 1160 79
c243 0 1164 18
c244 1 1167 80
c245 0 1171 3
c246 1 1180 81
c247 1 1188 63
c248 1 1190 57
c249 0 1196 4
c250 0 1196 5
c251 0 1201 14
c252 1 1208 2
c253 1 1212 29
c254 1 1218 71
c255 0 1220 56
c256 1 1223 27
c257 0 1227 8
c258 0 1236 55
c259 1 1237 62
c260 0 1242 16
c261 0 1243 94
c262 1 1247 28
c263 1 1249 89
c264 1 1257 36
c265 1 1265 74
c266 1 1269 40
c267 0 1269 78
c268 0 1273 64
c269 0 1280 44
c270 1 1288 18
c271 1 1297 33
c272 1 1299 71
c273 0 1308 80
c274 0 1308 18
c275 0 1312 9
c276 0 1321 66
c277 1 1328 36
c278 1 1329 24
c279 0 1329 85
c280 0 1332 26
c281 0 1339 58
c282 1 1344 38
c283 0 1346 61
c284 0 1348 4
c285 0 1355 39
c286 0 1355 94
c287 0 1360 7
c288 1 1362 26
c289 0 1363 68
c290 1 1365 10
c291 1 1366 26
c292 0 1366 97
c293 0 1374 91
c294 0 1374 43
c295 1 1375 66
c296 0 1380 66
c297 0 1380 51
c298 0 1382 42
c299 0 1382 29
c300 0 1389 35
c301 1 1396 26
c302 0 1404 66
c303 0 1404 57
c304 1 1407 86
c305 1 1411 52
c306 0 1419 46
c307 1 1419 65
c308 1 1427 44
c309 0 1429 83
c310 1 1435 95
c311 1 1444 36
c312 1 1449 30
c313 0 1452 33
c314 1 1457 6
c315 0 1464 32
c316 1 1472 23
c317 0 1478 35
c318 0 1483 72
c319 0 1490 83
c320 0 1493 13
c321 1 1502 34
c322 0 1503 4
c323 1 1507 59
c324 1 1512 44
c325 0 1520 23
c326 1 1521 35
c327 0 1524 27
c328 1 1533 68
c329 0 1537 58
c330 0 1541 10
c331 0 1541 76
c332 1 1543 38
c333 0 1544 26
c334 0 1552 82
c335 0 1561 87
c336 0 1561 64
c337 0 1570 22
c338 1 1579 76
c339 0 1586 39
c340 1 1590 4
c341 1 1596 80
c342 1 1599 12
c343 1 1608 27
c344 1 1614 83
c345 1 1618 55
c346 0 1623 92
c347 0 1628 8
c348 1 1636 39
c349 1 1641 24
c350 1 1644 93
c351 1 1648 72
c352 0 1648 31
c353 1 1650 84
c354 1 1658 12
c355 1 1665 61
c356 1 1670 63
c357 0 1673 45
c358 1 1681 35
c359 0 1681 18
c360 0 1681 43
c361 0 1683 6
c362 1 1685 66
c363 0 1692 25
c364 1 1698 81
c365 1 1699 89
c366 1 1702 88
c367 1 1702 87
c368 1 1703 31
c369 1 1711 14
c370 0 1715 96
c371 1 1720 53
c372 0 1723 41
c373 1 1727 68
c374 1 1732 2
c375 0 1734 97
c376 0 1743 82
c377 0 1747 59
c378 0 1749 29
c379 1 1752 19
c380 0 1754 58
c381 1 1757 54
c382 1 1758 2
c383 0 1761 20
c384 1 1770 65
c385 0 1777 85
c386 0 1782 86
c387 0 1788 85
c388 1 1788 70
c389 1 1790 96
c390 1 1796 98
c391 0 1804 7
c392 1 1806 66
c393 0 1810 23
c394 0 1818 11
c395 1 1823 5
c396 1 1830 53
c397 1 1838 38
c398 1 1840 71
c399 1 1841 9
c400 0 1845 10
c401 0 1853 11
c402 1 1854 54
c403 0 1861 74
c404 1 1868 89
c405 1 1868 74
c406 0 1868 42
c407 1 1871 59
c408 0 1873 61
c409 1 1877 97
c410 0 1880 37
c411 1 1881 38
c412 1 1883 78
c413 0 1891 60
c414 1 1895 39
c415 1 1900 16
c416 0 1901 67
c417 1 1904 37
c418 1 1906 92
c419 0 1912 54
c420 1 1920 5
c421 1 1922 45
c422 1 1926 26
c423 1 1929 20
c424 0 1937 32
c425 0 1938 53
c426 1 1938 93
c427 1 1947 33
c428 1 1952 36
c429 0 1958 17
c430 1 1964 42
c431 0 1972 95
c432 0 1974 2
c433 0 1976 1
c434 1 1982 56
c435 0 1982 65
c436 1 1986 42
c437 1 1993 7
c438 1 1998 64
c439 1 2000 98
c440 1 2004 26
c441 1 2013 53
c442 1 2016 37
c443 1 2016 82
c444 1 2024 4
c445 0 2026 7
c446 0 2026 98
c447 1 2031 76
c448 0 2040 39
c449 0 2043 39
c450 0 2052 50
c451 1 2056 46
c452 1 2057 54
c453 1 2058 21
c454 1 2067 18
c455 1 2075 55
c456 1 2084 65
c457 1 2088 7
c458 0 2091 97
c459 1 2098 21
c460 0 2099 81
c461 1 2101 29
c462 1 2105 27
c463 0 2105 44
c464 0 2109 23
c465 0 2118 42
c466 0 2120 15
c467 1 2124 66
c468 1 2131 84
c469 0 2135 88
c470 0 2144 15
c471 1 2148 15
c472 1 2150 56
c473 0 2151 8
c474 0 2156 3
c475 0 2164 38
c476 0 2173 61
c477 0 2177 79
c478 0 2184 91
c479 0 2187 28
c480 0 2189 9
c481 1 2195 44
c482 1 2196 9
c483 1 2200 35
c484 0 2207 62
c485 1 2208 32
c486 0 2217 22
c487 1 2221 17
c488 0 2223 90
c489 1 2232 87
c490 0 2238 45
c491 1 2240 34
c492 0 2247 81
c493 1 2251 81
c494 1 2254 2
c495 0 2257 15
c496 0 2263 61
c497 1 2263 20
c498 1 2269 4
c499 1 2269 70
c500 0 2269 68
