c00 1 0 50
c01 0 8 87
c02 0 17 8
c03 1 21 13
c04 1 22 4
c05 1 27 75
c06 1 34 28
c07 1 40 74
c08 0 43 10
c09 0 43 1
c10 1 45 46
c11 0 53 98
c12 0 56 9
c13 1 62 96
c14 1 65 32
c15 1 66 47
c16 1 69 62
c17 0 74 16
c18 0 74 91
c19 0 77 9
c20 1 85 69
c21 1 90 67
c22 0 99 18
c23 1 101 47
c24 0 104 12
c25 1 107 48
c26 0 116 99
c27 0 122 98
c28 1 130 61
c29 0 130 58
c30 0 131 30
c31 1 140 86
c32 0 141 85
c33 0 148 5
c34 1 152 18
c35 0 161 73
c36 1 163 39
c37 0 172 15
c38 0 181 93
c39 0 183 16
c40 0 183 17
c41 1 187 15
c42 1 187 87
c43 1 196 73
c44 0 204 93
c45 0 210 76
c46 1 212 23
c47 1 221 12
c48 0 228 14
c49 1 237 89
c50 1 244 78
c51 1 248 90
c52 0 254 41
c53 1 260 18
c54 0 262 28
c55 0 265 75
c56 0 272 71
c57 1 275 86
c58 0 277 63
c59 1 277 75
c60 0 284 80
c61 1 284 6
c62 0 291 50
c63 1 298 87
c64 1 304 31
c65 1 306 62
c66 1 315 68
c67 0 320 79
c68 0 321 37
c69 1 326 87
c70 1 328 61
c71 0 330 44
c72 0 331 60
c73 0 333 21
c74 0 341 91
c75 0 343 51
c76 1 346 67
c77 1 351 25
c78 1 360 69
c79 1 366 87
c80 1 371 5
c81 0 376 98
c82 0 381 37
c83 0 382 8
c84 0 391 16
c85 0 396 60
c86 1 396 15
c87 0 404 73
c88 0 408 7
c89 0 414 83
c90 0 423 94
c91 0 426 72
c92 1 430 19
c93 1 437 62
c94 0 439 26
c95 1 440 39
c96 0 449 45
c97 0 452 64
c98 0 457 57
c99 0 463 23
c100 1 469 83
c101 0 475 87
c102 0 475 47
c103 1 480 82
c104 0 485 89
c105 1 490 2
c106 0 491 42
c107 1 493 49
c108 1 493 30
c109 0 502 11
c110 1 511 88
c111 0 520 33
c112 1 527 3
c113 0 535 80
c114 1 543 7
c115 1 543 31
c116 0 548 19
c117 0 553 51
c118 0 556 60
c119 0 561 25
c120 1 570 53
c121 1 579 1
c122 0 585 10
c123 0 586 62
c124 0 592 63
c125 1 594 40
c126 0 600 46
c127 0 602 43
c128 1 609 48
c129 1 615 55
c130 1 622 51
c131 1 627 38
c132 0 634 60
c133 1 637 28
c134 1 642 12
c135 1 649 14
c136 1 649 7
c137 0 651 76
c138 0 654 9
c139 1 660 86
c140 1 668 44
c141 0 671 81
c142 0 673 19
c143 0 681 63
c144 1 681 51
c145 1 683 42
c146 1 687 76
c147 1 693 25
c148 1 696 79
c149 0 699 70
c150 0 702 39
c151 1 704 96
c152 1 710 92
c153 1 711 95
c154 0 716 86
c155 1 717 13
c156 1 722 56
c157 0 726 58
c158 1 726 57
c159 1 729 45
c160 1 734 12
c161 1 735 58
c162 1 743 84
c163 0 751 44
c164 1 757 86
c165 0 762 43
c166 1 771 4
c167 1 772 23
c168 0 780 4
c169 1 785 86
c170 0 786 52
c171 0 794 62
c172 0 800 57
c173 0 804 26
c174 0 811 7
c175 1 817 79
c176 0 819 69
c177 1 820 15
c178 0 822 80
c179 1 823 65
c180 0 825 65
c181 0 825 48
c182 1 829 77
c183 1 834 64
c184 1 842 9
c185 1 848 53
c186 0 852 80
c187 1 860 78
c188 0 864 29
c189 1 871 39
c190 0 877 24
c191 1 881 95
c192 1 886 40
c193 1 891 50
c194 0 893 34
c195 0 897 58
c196 1 904 3
c197 0 904 60
c198 0 913 68
c199 0 921 53
c200 0 925 46
c201 0 933 53
c202 0 935 18
c203 1 937 88
c204 1 944 16
c205 1 953 91
c206 1 953 13
c207 0 961 87
c208 1 968 46
c209 0 968 5
c210 0 975 46
c211 1 976 60
c212 0 984 42
c213 1 988 70
c214 1 988 96
c215 1 995 35
c216 0 997 6
c217 1 1001 81
c218 1 1003 4
c219 0 1006 7
c220 0 1013 57
c221 1 1019 40
c222 1 1027 39
c223 1 1036 60
c224 1 1045 22
c225 0 1054 76
c226 0 1058 11
c227 0 1065 66
c228 1 1065 75
c229 1 1069 1
c230 0 1075 73
c231 1 1077 62
c232 0 1085 9
c233 0 1090 61
c234 1 1091 42
c235 0 1093 97
c236 0 1102 25
c237 0 1110 78
c238 0 1117 87
c239 1 1117 14
c240 0 1123 87
c241 1 1126 93
c242 0 1127 76
c243 1 1134 58
c244 0 1143 66
c245 1 1144 28
c246 1 1150 77
c247 1 1156 56
c248 0 1165 30
c249 0 1172 99
c250 1 1175 73
c251 1 1181 52
c252 0 1184 58
c253 1 1192 82
c254 1 1200 84
c255 0 1202 14
c256 1 1209 66
c257 1 1211 91
c258 0 1215 15
c259 0 1217 61
c260 1 1221 10
c261 1 1229 80
c262 0 1231 45
c263 1 1240 10
c264 1 1247 2
c265 1 1250 14
c266 0 1259 91
c267 1 1263 84
c268 1 1267 12
c269 1 1267 71
c270 0 1267 87
c271 0 1276 44
c272 0 1280 62
c273 0 1282 12
c274 0 1291 31
c275 1 1291 50
c276 1 1292 61
c277 0 1294 2
c278 1 1294 69
c279 0 1297 27
c280 0 1302 53
c281 1 1306 16
c282 1 1314 99
c283 0 1316 32
c284 0 1318 96
c285 0 1325 98
c286 0 1332 53
c287 1 1338 84
c288 1 1344 26
c289 1 1352 29
c290 1 1354 75
c291 1 1359 97
c292 1 1363 6
c293 0 1371 89
c294 0 1379 90
c295 0 1387 56
c296 1 1391 99
c297 1 1399 94
c298 0 1403 72
c299 0 1407 29
c300 1 1414 73
c301 0 1418 14
c302 1 1426 49
c303 1 1432 26
c304 1 1439 25
c305 1 1448 33
c306 0 1451 68
c307 1 1454 35
c308 1 1455 54
c309 1 1455 92
c310 1 1461 40
c311 0 1467 86
c312 1 1471 48
c313 1 1474 88
c314 0 1481 21
c315 0 1489 83
c316 0 1496 65
c317 1 1503 40
c318 0 1504 39
c319 1 1511 25
c320 0 1513 57
c321 0 1521 73
c322 1 1526 71
c323 1 1527 38
c324 1 1535 19
c325 0 1537 28
c326 0 1544 92
c327 0 1552 47
c328 0 1559 41
c329 0 1559 31
c330 1 1560 34
c331 0 1567 17
c332 1 1568 31
c333 0 1574 3
c334 0 1576 16
c335 0 1577 16
c336 0 1583 24
c337 1 1583 78
c338 1 1590 48
c339 0 1599 64
c340 1 1605 38
c341 0 1608 99
c342 0 1617 14
c343 0 1626 58
c344 1 1628 89
c345 0 1637 61
c346 0 1645 13
c347 0 1649 42
c348 1 1650 5
c349 0 1659 16
c350 1 1663 59
c351 0 1668 30
c352 0 1671 43
c353 1 1678 86
c354 0 1681 51
c355 0 1683 30
c356 1 1688 75
c357 1 1690 28
c358 0 1698 48
c359 0 1706 98
c360 0 1713 62
c361 0 1714 36
c362 1 1714 72
c363 1 1715 52
c364 0 1724 20
c365 0 1728 9
c366 0 1728 16
c367 0 1730 98
c368 0 1732 61
c369 0 1732 39
c370 0 1740 20
c371 0 1742 95
c372 0 1742 64
c373 0 1742 7
c374 1 1742 76
c375 1 1749 87
c376 1 1749 97
c377 0 1754 64
c378 1 1763 6
c379 1 1764 64
c380 0 1771 65
c381 0 1777 19
c382 0 1785 71
c383 0 1789 72
c384 0 1793 2
c385 1 1798 34
c386 1 1801 21
c387 0 1803 33
c388 1 1805 65
c389 0 1812 58
c390 0 1816 70
c391 1 1821 58
c392 0 1822 5
c393 1 1831 76
c394 0 1831 73
c395 1 1835 44
c396 1 1838 97
c397 1 1843 88
c398 1 1845 82
c399 0 1846 52
c400 0 1852 94
c401 1 1860 25
c402 1 1869 56
c403 0 1873 4
c404 1 1882 26
c405 0 1887 61
c406 1 1894 53
c407 1 1901 85
c408 0 1901 29
c409 0 1903 29
c410 0 1909 31
c411 1 1911 26
c412 1 1917 41
c413 1 1920 56
c414 0 1929 73
c415 1 1936 17
c416 1 1942 72
c417 1 1949 64
c418 1 1949 12
c419 1 1958 56
c420 1 1959 90
c421 1 1960 50
c422 0 1961 67
c423 0 1961 48
c424 1 1966 81
c425 0 1972 72
c426 1 1972 75
c427 1 1980 68
c428 1 1989 74
c429 1 1997 76
c430 1 2005 94
c431 0 2007 65
c432 1 2010 62
c433 0 2014 32
c434 1 2020 62
c435 0 2028 27
c436 1 2030 81
c437 1 2030 96
c438 1 2035 58
c439 0 2040 47
c440 1 2046 90
c441 1 2046 88
c442 1 2055 96
c443 0 2064 81
c444 0 2072 9
c445 0 2077 4
c446 0 2078 29
c447 0 2086 37
c448 0 2092 61
c449 0 2094 64
c450 1 2102 53
c451 1 2108 91
c452 1 2112 58
c453 0 2114 96
c454 1 2120 62
c455 1 2125 96
c456 1 2125 27
c457 1 2133 57
c458 1 2142 93
c459 0 2146 36
c460 0 2148 73
c461 0 2151 26
c462 0 2159 77
c463 0 2166 26
c464 0 2166 57
c465 1 2170 97
c466 0 2172 82
c467 1 2176 56
c468 1 2180 96
c469 0 2184 74
c470 0 2188 67
c471 1 2195 91
c472 0 2195 20
c473 0 2199 94
c474 1 2201 52
c475 0 2205 70
c476 1 2213 13
c477 0 2220 96
c478 0 2223 56
c479 1 2232 48
c480 1 2240 73
c481 0 2241 99
c482 0 2249 69
c483 0 2250 36
c484 1 2253 41
c485 1 2253 9
c486 0 2254 18
c487 0 2255 98
c488 1 2257 76
c489 0 2257 62
c490 1 2257 96
c491 1 2262 80
c492 0 2264 21
c493 0 2266 98
c494 1 2266 64
c495 0 2270 9
c496 0 2279 55
c497 1 2283 48
c498 1 2287 40
c499 1 2292 97
c500 1 2292 30
