c00 0 0 73
c01 0 9 39
c02 1 11 38
c03 0 13 13
c04 0 22 99
c05 0 22 63
c06 0 25 84
c07 1 25 70
c08 0 31 17
c09 1 34 72
c10 0 34 85
c11 1 41 43
c12 1 42 26
c13 0 50 51
c14 0 58 91
c15 0 61 46
c16 0 67 40
c17 1 73 90
c18 1 80 43
c19 0 82 25
c20 1 91 58
c21 0 97 71
c22 1 104 55
c23 0 111 52
c24 0 118 88
c25 0 125 76
c26 0 132 78
c27 1 138 31
c28 0 140 86
c29 1 144 42
c30 1 147 55
c31 1 154 38
c32 1 159 90
c33 1 164 96
c34 0 164 13
c35 1 169 37
c36 0 172 77
c37 0 179 2
c38 0 184 88
c39 0 186 81
c40 1 188 91
c41 0 189 5
c42 1 193 77
c43 1 196 24
c44 1 197 13
c45 0 203 74
c46 0 209 85
c47 1 216 29
c48 0 224 3
c49 1 231 64
c50 0 240 44
c51 1 243 10
c52 0 243 40
c53 0 246 13
c54 0 247 10
c55 1 248 5
c56 1 256 81
c57 0 258 56
c58 0 263 81
c59 1 263 5
c60 0 270 46
c61 1 274 99
c62 0 281 97
c63 0 289 80
c64 0 292 25
c65 0 300 9
c66 0 309 50
c67 0 315 1
c68 1 321 92
c69 1 329 36
c70 1 334 43
c71 0 339 91
c72 1 343 86
c73 1 347 76
c74 1 349 15
c75 0 351 72
c76 0 351 66
c77 1 360 25
c78 1 367 75
c79 0 374 81
c80 0 377 75
c81 0 380 84
c82 1 385 8
c83 1 392 58
c84 0 392 59
c85 0 398 36
c86 0 398 83
c87 1 403 2
c88 1 406 37
c89 0 412 79
c90 0 418 82
c91 1 424 35
c92 0 430 18
c93 1 437 92
c94 1 446 45
c95 0 453 54
c96 0 457 99
c97 0 460 9
c98 0 469 4
c99 0 474 18
c100 1 478 85
c101 0 483 67
c102 0 488 15
c103 0 493 97
c104 0 493 16
c105 0 502 73
c106 0 505 79
c107 1 512 93
c108 1 519 35
c109 1 528 16
c110 1 529 88
c111 1 535 29
c112 1 537 11
c113 0 541 39
c114 1 546 32
c115 0 546 67
c116 0 550 62
c117 0 553 91
c118 1 555 85
c119 1 559 29
c120 0 567 89
c121 1 569 89
c122 1 573 69
c123 1 577 88
c124 1 581 66
c125 1 587 1
c126 1 593 40
c127 1 601 79
c128 0 609 93
c129 1 612 77
c130 1 617 45
c131 0 622 28
c132 0 625 59
c133 1 626 77
c134 1 628 83
c135 1 632 8
c136 1 639 67
c137 0 639 10
c138 0 647 9
c139 0 650 97
c140 1 659 82
c141 1 664 72
c142 0 673 43
c143 1 674 54
c144 1 674 53
c145 0 683 55
c146 0 687 47
c147 1 693 32
c148 1 697 37
c149 0 705 1
c150 1 713 93
c151 1 721 79
c152 1 722 76
c153 1 725 93
c154 0 725 71
c155 0 730 99
c156 0 736 77
c157 0 743 29
c158 1 748 43
c159 0 757 49
c160 0 764 26
c161 1 773 43
c162 1 782 95
c163 1 785 67
c164 0 788 7
c165 0 794 89
c166 0 800 65
c167 1 804 16
c168 1 810 2
c169 1 810 70
c170 1 814 97
c171 1 823 95
c172 0 823 78
c173 1 828 9
c174 1 832 54
c175 0 840 68
c176 1 840 35
c177 1 848 95
c178 1 855 39
c179 1 859 36
c180 1 867 45
c181 0 872 19
c182 1 881 31
c183 0 890 4
c184 0 899 81
c185 1 905 10
c186 0 909 18
c187 1 911 39
c188 1 916 34
c189 0 916 43
c190 0 921 65
c191 1 929 85
c192 1 933 82
c193 1 937 87
c194 0 938 21
c195 1 945 55
c196 0 946 80
c197 0 949 14
c198 1 956 12
c199 0 961 68
c200 0 961 81
c201 0 969 69
c202 1 970 27
c203 0 973 99
c204 0 979 30
c205 0 983 16
c206 1 991 14
c207 0 995 39
c208 0 999 4
c209 0 1006 68
c210 0 1006 62
c211 1 1010 2
c212 0 1012 30
c213 1 1020 68
c214 0 1021 35
c215 0 1029 18
c216 1 1033 21
c217 1 1039 76
c218 1 1043 58
c219 0 1048 25
c220 1 1050 38
c221 1 1050 41
c222 1 1058 75
c223 1 1067 68
c224 0 1068 59
c225 0 1075 41
c226 1 1080 48
c227 0 1082 38
c228 0 1087 73
c229 1 1091 76
c230 0 1094 68
c231 0 1100 24
c232 1 1109 76
c233 0 1110 77
c234 1 1115 50
c235 1 1122 71
c236 1 1129 49
c237 0 1134 69
c238 0 1140 85
c239 0 1149 70
c240 0 1152 91
c241 1 1153 69
c242 0 1160 5
c243 0 1167 40
c244 1 1169 55
c245 0 1174 15
c246 1 1180 63
c247 0 1183 68
c248 0 1189 16
c249 0 1190 46
c250 0 1195 27
c251 1 1195 87
c252 0 1200 34
c253 0 1206 4
c254 1 1212 5
c255 0 1221 34
c256 1 1225 55
c257 1 1228 67
c258 1 1232 50
c259 0 1241 64
c260 1 1246 65
c261 0 1248 12
c262 1 1251 93
c263 1 1251 38
c264 0 1257 59
c265 0 1258 5
c266 1 1263 32
c267 1 1266 41
c268 0 1274 83
c269 0 1275 51
c270 0 1279 56
c271 0 1287 10
c272 0 1292 16
c273 0 1300 62
c274 1 1309 58
c275 0 1312 5
c276 0 1314 11
c277 1 1322 62
c278 0 1328 34
c279 1 1336 52
c280 0 1338 36
c281 1 1347 42
c282 1 1352 17
c283 0 1361 92
c284 0 1366 33
c285 1 1375 39
c286 0 1381 57
c287 0 1386 26
c288 1 1392 92
c289 1 1396 33
c290 0 1403 24
c291 1 1406 11
c292 1 1406 49
c293 0 1413 84
c294 1 1421 22
c295 0 1422 54
c296 1 1423 45
c297 1 1423 49
c298 1 1425 67
c299 0 1431 48
c300 1 1435 80
c301 1 1443 9
c302 1 1445 58
c303 1 1449 40
c304 0 1458 94
c305 1 1459 14
c306 1 1467 27
c307 1 1471 34
c308 1 1477 38
c309 1 1482 19
c310 0 1490 71
c311 0 1498 17
c312 0 1507 87
c313 0 1515 25
c314 1 1517 89
c315 1 1526 98
c316 1 1527 48
c317 0 1535 26
c318 1 1544 83
c319 1 1549 49
c320 1 1550 61
c321 0 1556 46
c322 1 1562 99
c323 0 1563 65
c324 1 1571 73
c325 1 1574 13
c326 0 1574 40
c327 1 1582 90
c328 0 1591 42
c329 0 1600 83
c330 0 1601 64
c331 0 1601 47
c332 1 1608 51
c333 0 1611 85
c334 0 1620 52
c335 0 1621 81
c336 1 1623 36
c337 0 1628 36
c338 0 1630 82
c339 1 1639 65
c340 1 1647 60
c341 0 1647 62
c342 0 1654 79
c343 0 1661 35
c344 1 1664 32
c345 0 1672 72
c346 0 1681 43
c347 1 1689 17
c348 0 1696 94
c349 1 1703 36
c350 0 1711 43
c351 1 1714 73
c352 0 1721 2
c353 1 1721 54
c354 1 1729 44
c355 0 1738 96
c356 1 1739 76
c357 1 1743 37
c358 1 1749 16
c359 1 1754 4
c360 0 1758 61
c361 0 1767 97
c362 1 1775 22
c363 1 1778 86
c364 1 1782 98
c365 1 1789 41
c366 0 1795 90
c367 0 1803 47
c368 1 1807 43
c369 0 1815 71
c370 0 1815 5
c371 1 1823 46
c372 0 1829 52
c373 1 1835 36
c374 0 1837 97
c375 0 1844 56
c376 0 1845 75
c377 0 1848 7
c378 1 1852 95
c379 1 1854 74
c380 0 1856 89
c381 0 1858 54
c382 1 1861 81
c383 1 1864 7
c384 1 1867 1
c385 0 1872 9
c386 1 1874 22
c387 1 1879 46
c388 1 1886 29
c389 1 1890 82
c390 1 1891 90
c391 1 1893 11
c392 1 1901 99
c393 1 1902 77
c394 0 1902 8
c395 1 1902 81
c396 0 1910 39
c397 1 1913 41
c398 1 1917 28
c399 0 1919 42
c400 1 1922 10
c401 0 1930 6
c402 1 1931 24
c403 0 1931 63
c404 0 1937 62
c405 1 1939 48
c406 1 1944 60
c407 0 1945 26
c408 1 1949 74
c409 0 1953 90
c410 1 1954 55
c411 1 1955 93
c412 1 1963 21
c413 1 1964 63
c414 0 1970 80
c415 0 1975 51
c416 0 1977 91
c417 1 1985 49
c418 1 1994 5
c419 0 1999 26
c420 0 2001 53
c421 0 2010 52
c422 1 2018 41
c423 0 2020 98
c424 0 2023 20
c425 0 2024 37
c426 1 2026 45
c427 1 2029 3
c428 1 2034 63
c429 0 2041 45
c430 1 2042 3
c431 0 2043 68
c432 1 2044 51
c433 0 2048 66
c434 1 2056 92
c435 0 2062 33
c436 1 2063 84
c437 0 2072 53
c438 1 2074 1
c439 1 2083 21
c440 0 2091 49
c441 0 2096 77
c442 0 2098 62
c443 0 2102 94
c444 1 2102 99
c445 1 2106 1
c446 0 2112 51
c447 1 2118 60
c448 1 2121 67
c449 0 2122 99
c450 0 2129 48
c451 0 2131 6
c452 1 2139 44
c453 0 2143 65
c454 0 2143 26
c455 1 2149 12
c456 1 2152 11
c457 0 2157 52
c458 0 2164 63
c459 0 2164 40
c460 0 2169 23
c461 0 2176 57
c462 1 2183 98
c463 0 2190 78
c464 1 2198 32
c465 1 2198 27
c466 1 2204 85
c467 1 2213 60
c468 1 2218 83
c469 1 2227 74
c470 1 2233 98
c471 0 2241 58
c472 1 2244 10
c473 0 2253 87
c474 1 2253 6
c475 0 2261 40
c476 0 2266 12
c477 0 2267 23
c478 1 2269 8
c479 0 2274 11
c480 0 2277 14
c481 0 2286 11
c482 1 2295 22
c483 1 2296 38
c484 0 2303 73
c485 0 2305 28
c486 1 2307 83
c487 1 2313 3
c488 1 2321 54
c489 1 2328 19
c490 0 2329 73
c491 0 2329 16
c492 0 2335 88
c493 0 2344 77
c494 1 2351 92
c495 1 2354 16
c496 1 2362 1
c497 0 2368 6
c498 1 2372 38
c499 0 2372 51
c500 1 2379 47
