c00 0 0 23
c01 0 1 62
c02 1 8 37
c03 1 13 12
c04 0 16 78
c05 1 24 32
c06 0 28 87
c07 1 37 88
c08 0 40 35
c09 0 42 84
c10 0 45 63
c11 0 46 87
c12 1 50 67
c13 0 57 29
c14 1 63 27
c15 1 72 85
c16 1 75 18
c17 1 83 14
c18 0 91 73
c19 0 97 99
c20 0 98 12
c21 0 98 34
c22 1 101 30
c23 1 109 6
c24 1 116 20
c25 0 118 88
c26 1 118 88
c27 0 120 61
c28 1 125 31
c29 0 131 35
c30 1 135 15
c31 1 138 41
c32 0 145 95
c33 0 147 9
c34 0 148 80
c35 1 155 35
c36 0 156 73
c37 0 157 17
c38 0 159 75
c39 1 168 21
c40 1 171 5
c41 1 173 21
c42 1 182 33
c43 1 189 95
c44 0 196 54
c45 1 197 75
c46 1 202 52
c47 0 205 47
c48 1 213 47
c49 1 214 74
c50 0 216 64
c51 0 221 62
c52 1 229 41
c53 1 229 71
c54 0 231 92
c55 1 240 11
c56 0 242 49
c57 1 245 3
c58 0 249 70
c59 1 251 34
c60 1 255 73
c61 0 263 87
c62 0 267 39
c63 1 276 98
c64 1 284 1
c65 1 290 61
c66 0 298 64
c67 0 299 23
c68 0 299 39
c69 0 305 39
c70 1 306 42
c71 0 314 46
c72 0 317 89
c73 0 324 44
c74 1 326 19
c75 0 330 65
c76 1 335 35
c77 1 338 55
c78 0 347 54
c79 0 354 99
c80 1 362 26
c81 1 364 10
c82 0 367 82
c83 0 371 68
c84 1 372 44
c85 0 372 88
c86 1 373 6
c87 0 376 77
c88 1 383 70
c89 1 390 88
c90 0 398 29
c91 1 402 99
c92 1 408 78
c93 0 416 46
c94 0 425 24
c95 1 432 89
c96 1 438 64
c97 1 447 33
c98 1 448 95
c99 1 449 41
c100 1 452 2
c101 0 455 74
c102 0 458 86
c103 0 465 99
c104 0 474 34
c105 0 475 24
c106 0 482 55
c107 1 488 79
c108 0 494 10
c109 0 501 85
c110 1 504 18
c111 0 510 87
c112 1 515 14
c113 0 522 57
c114 1 522 36
c115 1 525 90
c116 1 530 21
c117 0 537 97
c118 0 540 51
c119 1 545 94
c120 1 545 80
c121 0 548 67
c122 1 555 76
c123 0 557 77
c124 1 563 23
c125 1 564 82
c126 1 571 6
c127 0 574 6
c128 1 583 67
c129 1 590 20
c130 0 596 82
c131 0 601 74
c132 1 603 54
c133 0 611 41
c134 0 619 75
c135 0 628 3
c136 1 636 50
c137 0 638 8
c138 1 646 9
c139 0 650 36
c140 0 650 41
c141 1 651 52
c142 0 660 61
c143 0 667 8
c144 0 673 43
c145 0 679 69
c146 0 684 3
c147 1 691 15
c148 0 699 70
c149 0 701 98
c150 1 705 51
c151 0 713 30
c152 1 719 57
c153 0 724 85
c154 1 732 31
c155 1 736 13
c156 0 738 63
c157 1 747 41
c158 0 750 41
c159 1 756 27
c160 1 756 81
c161 1 762 28
c162 0 764 25
c163 1 765 18
c164 1 766 88
c165 1 773 96
c166 0 774 10
c167 1 782 74
c168 0 789 50
c169 0 791 53
c170 1 792 96
c171 1 800 7
c172 0 802 67
c173 0 808 69
c174 1 814 15
c175 1 819 18
c176 1 823 38
c177 0 830 71
c178 1 830 46
c179 1 834 99
c180 1 837 37
c181 1 841 28
c182 0 845 33
c183 0 854 34
c184 0 857 68
c185 1 863 14
c186 1 866 27
c187 0 869 27
c188 0 876 60
c189 0 884 33
c190 1 889 70
c191 0 889 32
c192 0 893 47
c193 1 902 92
c194 0 911 77
c195 0 915 56
c196 0 921 44
c197 0 929 55
c198 1 936 31
c199 0 941 29
c200 1 945 94
c201 1 945 12
c202 1 950 55
c203 1 952 51
c204 0 957 58
c205 0 959 43
c206 0 960 80
c207 1 963 41
c208 0 968 78
c209 0 971 33
c210 0 978 12
c211 1 986 45
c212 0 995 74
c213 0 995 82
c214 1 997 59
c215 0 999 55
c216 0 1004 13
c217 1 1010 47
c218 0 1017 67
c219 0 1021 54
c220 1 1026 93
c221 0 1027 32
c222 1 1029 13
c223 0 1035 58
c224 1 1039 48
c225 1 1040 12
c226 1 1047 15
c227 0 1054 44
c228 1 1063 72
c229 0 1066 7
c230 1 1071 29
c231 0 1074 83
c232 0 1082 99
c233 1 1089 15
c234 1 1098 14
c235 1 1102 42
c236 1 1111 65
c237 0 1118 17
c238 0 1127 80
c239 1 1131 2
c240 0 1137 59
c241 1 1146 25
c242 0 1149 99
c243 1 1156 40
c244 1 1163 60
c245 0 1164 64
c246 0 1172 46
c247 0 1180 62
c248 1 1185 23
c249 0 1192 22
c250 1 1199 1
c251 0 1201 13
c252 0 1210 75
c253 1 1218 78
c254 0 1223 31
c255 1 1230 81
c256 1 1234 39
c257 0 1235 82
c258 0 1238 84
c259 0 1245 57
c260 1 1252 16
c261 1 1254 71
c262 1 1257 98
c263 1 1262 97
c264 0 1262 76
c265 0 1271 59
c266 1 1272 62
c267 0 1273 31
c268 0 1274 99
c269 0 1275 6
c270 1 1279 97
c271 1 1283 34
c272 0 1292 41
c273 0 1296 21
c274 1 1300 93
c275 1 1305 80
c276 0 1308 21
c277 0 1316 91
c278 1 1324 85
c279 0 1325 52
c280 0 1334 70
c281 1 1339 69
c282 1 1341 67
c283 1 1346 56
c284 1 1355 49
c285 0 1355 32
c286 0 1358 45
c287 1 1359 27
c288 0 1361 48
c289 0 1361 56
c290 0 1365 26
c291 0 1371 93
c292 1 1373 25
c293 0 1381 29
c294 1 1381 67
c295 1 1384 40
c296 0 1387 90
c297 1 1394 15
c298 0 1396 19
c299 1 1400 3
c300 0 1407 55
c301 0 1407 37
c302 1 1413 49
c303 1 1417 89
c304 1 1417 38
c305 1 1420 79
c306 0 1422 43
c307 0 1424 68
c308 1 1430 63
c309 0 1436 29
c310 0 1441 23
c311 0 1449 79
c312 0 1453 82
c313 1 1460 41
c314 1 1466 31
c315 0 1469 33
c316 1 1472 8
c317 0 1477 82
c318 1 1483 82
c319 1 1492 72
c320 1 1494 24
c321 1 1501 90
c322 1 1506 10
c323 0 1514 81
c324 0 1518 82
c325 1 1527 6
c326 1 1534 81
c327 0 1535 60
c328 1 1538 29
c329 1 1544 58
c330 1 1552 10
c331 0 1556 58
c332 0 1563 75
c333 1 1563 41
c334 1 1568 70
c335 1 1573 75
c336 1 1576 14
c337 0 1582 50
c338 1 1586 96
c339 0 1595 8
c340 0 1602 44
c341 1 1602 1
c342 0 1602 38
c343 1 1604 74
c344 1 1606 63
c345 0 1613 73
c346 0 1622 35
c347 1 1631 70
c348 0 1631 31
c349 0 1634 78
c350 1 1642 97
c351 1 1651 65
c352 0 1660 14
c353 1 1660 70
c354 1 1661 79
c355 1 1670 71
c356 1 1676 51
c357 1 1681 34
c358 1 1690 92
c359 0 1698 75
c360 1 1707 35
c361 1 1715 20
c362 1 1723 13
c363 1 1724 67
c364 1 1731 28
c365 1 1733 22
c366 0 1740 76
c367 0 1746 55
c368 0 1755 54
c369 1 1755 95
c370 1 1763 80
c371 0 1767 98
c372 0 1775 76
c373 0 1783 25
c374 1 1783 79
c375 1 1792 38
c376 0 1800 89
c377 0 1808 57
c378 0 1811 92
c379 0 1813 69
c380 0 1816 36
c381 0 1818 96
c382 1 1818 36
c383 1 1820 74
c384 0 1822 91
c385 0 1831 8
c386 0 1835 67
c387 0 1838 93
c388 1 1845 1
c389 0 1852 12
c390 1 1856 77
c391 1 1860 48
c392 0 1868 68
c393 0 1875 14
c394 1 1878 62
c395 0 1883 92
c396 0 1889 39
c397 1 1897 40
c398 0 1897 81
c399 1 1902 88
c400 0 1905 70
c401 1 1905 22
c402 0 1910 53
c403 0 1913 94
c404 0 1922 33
c405 0 1924 46
c406 0 1925 88
c407 0 1925 35
c408 1 1931 86
c409 1 1939 71
c410 0 1940 59
c411 1 1943 59
c412 1 1951 69
c413 1 1960 97
c414 0 1966 62
c415 0 1973 95
c416 0 1980 34
c417 1 1987 38
c418 0 1994 86
c419 0 2001 49
c420 1 2009 32
c421 0 2011 34
c422 0 2012 83
c423 1 2019 23
c424 1 2019 73
c425 1 2022 2
c426 0 2029 8
c427 1 2032 24
c428 0 2033 93
c429 0 2037 16
c430 1 2043 54
c431 0 2047 50
c432 1 2047 78
c433 0 2049 39
c434 1 2055 35
c435 1 2063 68
c436 0 2072 88
c437 0 2073 35
c438 0 2080 68
c439 0 2088 3
c440 0 2094 53
c441 1 2095 37
c442 0 2100 35
c443 0 2104 20
c444 0 2110 95
c445 0 2111 88
c446 0 2119 92
c447 1 2121 19
c448 1 2129 22
c449 1 2132 64
c450 1 2141 17
c451 1 2144 92
c452 0 2152 27
c453 0 2158 26
c454 1 2160 46
c455 1 2168 79
c456 0 2170 15
c457 0 2178 87
c458 0 2179 90
c459 0 2183 5
c460 1 2185 98
c461 1 2188 55
c462 0 2192 65
c463 1 2193 82
c464 0 2196 94
c465 1 2205 2
c466 1 2207 81
c467 1 2208 25
c468 0 2213 65
c469 0 2218 15
c470 1 2218 28
c471 1 2219 92
c472 0 2223 24
c473 0 2232 50
c474 1 2232 17
c475 1 2235 27
c476 1 2237 30
c477 0 2245 86
c478 0 2247 80
c479 0 2250 82
c480 1 2259 88
c481 0 2260 4
c482 1 2264 73
c483 1 2266 18
c484 0 2274 2
c485 0 2282 88
c486 1 2289 2
c487 0 2296 51
c488 1 2304 40
c489 1 2312 87
c490 0 2313 28
c491 1 2313 25
c492 0 2322 40
c493 0 2323 69
c494 1 2328 96
c495 0 2331 49
c496 1 2336 97
c497 1 2340 52
c498 0 2348 13
c499 1 2356 22
c500 0 2365 74
