c00 1 0 30
c01 0 9 11
c02 0 16 92
c03 1 25 61
c04 1 26 12
c05 1 29 87
c06 0 31 61
c07 1 34 54
c08 1 37 44
c09 1 39 40
c10 1 41 98
c11 0 42 24
c12 1 45 23
c13 1 46 48
c14 1 55 82
c15 1 61 23
c16 0 68 29
c17 1 70 70
c18 0 77 6
c19 1 83 90
c20 1 92 65
c21 1 96 37
c22 0 104 93
c23 0 111 68
c24 0 117 69
c25 1 123 89
c26 1 125 66
c27 0 127 34
c28 0 135 58
c29 0 135 9
c30 0 139 80
c31 1 144 38
c32 0 150 52
c33 0 155 43
c34 1 162 64
c35 0 169 87
c36 1 176 39
c37 1 183 73
c38 1 189 49
c39 1 192 66
c40 1 192 15
c41 0 199 59
c42 1 201 93
c43 0 201 52
c44 1 210 57
c45 1 215 28
c46 0 222 83
c47 1 231 30
c48 1 239 7
c49 0 243 56
c50 1 245 81
c51 1 245 51
c52 1 245 71
c53 0 247 1
c54 1 250 47
c55 1 254 47
c56 1 261 44
c57 1 261 38
c58 1 266 14
c59 1 275 75
c60 1 279 43
c61 1 281 47
c62 1 288 88
c63 1 294 41
c64 0 302 61
c65 0 306 59
c66 0 312 61
c67 1 318 35
c68 1 324 71
c69 0 331 22
c70 0 340 32
c71 0 348 79
c72 0 354 68
c73 1 357 26
c74 0 360 11
c75 1 360 24
c76 0 362 88
c77 0 363 70
c78 0 363 44
c79 0 364 73
c80 1 366 2
c81 0 370 62
c82 1 372 88
c83 0 376 87
c84 1 384 17
c85 1 384 51
c86 0 389 87
c87 1 398 98
c88 1 407 91
c89 0 415 31
c90 0 422 7
c91 0 424 52
c92 1 429 43
c93 1 433 63
c94 0 438 40
c95 1 442 31
c96 1 442 68
c97 1 443 8
c98 0 449 92
c99 1 457 29
c100 1 459 35
c101 0 464 61
c102 0 467 6
c103 1 467 42
c104 1 475 19
c105 0 479 55
c106 1 482 92
c107 0 486 80
c108 0 486 10
c109 0 492 83
c110 0 493 15
c111 0 495 81
c112 1 498 2
c113 0 504 73
c114 0 513 45
c115 1 514 79
c116 0 516 80
c117 1 521 98
c118 0 525 42
c119 1 531 81
c120 0 532 67
c121 1 541 47
c122 1 543 25
c123 1 550 52
c124 1 555 90
c125 0 564 85
c126 1 569 34
c127 1 572 76
c128 0 580 26
c129 0 589 84
c130 1 591 19
c131 0 592 3
c132 1 593 24
c133 1 597 76
c134 0 606 41
c135 0 608 41
c136 0 610 44
c137 1 614 86
c138 1 622 1
c139 0 629 75
c140 1 633 3
c141 1 633 14
c142 1 637 37
c143 1 645 56
c144 0 653 70
c145 1 656 38
c146 1 661 30
c147 1 664 62
c148 1 665 86
c149 0 665 97
c150 1 666 47
c151 1 671 31
c152 1 677 2
c153 1 682 68
c154 1 686 65
c155 0 690 98
c156 1 692 93
c157 0 697 19
c158 1 706 26
c159 0 706 57
c160 0 712 6
c161 0 714 31
c162 0 720 24
c163 0 721 45
c164 0 721 25
c165 1 725 82
c166 0 733 40
c167 1 734 32
c168 1 740 9
c169 1 740 41
c170 0 748 13
c171 0 755 58
c172 1 757 3
c173 1 758 61
c174 1 759 7
c175 1 762 58
c176 1 763 91
c177 1 767 13
c178 0 769 5
c179 1 771 2
c180 1 771 74
c181 1 776 31
c182 0 782 37
c183 1 783 34
c184 1 792 88
c185 1 793 30
c186 0 801 28
c187 0 804 15
c188 1 804 9
c189 1 809 15
c190 1 811 56
c191 1 815 8
c192 1 821 87
c193 1 825 5
c194 1 828 6
c195 0 834 66
c196 0 840 79
c197 1 847 67
c198 0 856 8
c199 1 860 46
c200 1 864 58
c201 0 873 28
c202 0 881 90
c203 1 889 93
c204 1 897 16
c205 1 903 39
c206 1 905 88
c207 1 908 98
c208 1 910 42
c209 1 918 56
c210 1 921 13
c211 0 930 23
c212 1 937 22
c213 1 945 11
c214 0 948 68
c215 0 948 48
c216 1 953 27
c217 1 955 91
c218 0 962 16
c219 1 970 77
c220 0 975 37
c221 0 979 44
c222 0 982 1
c223 0 983 96
c224 1 988 59
c225 0 988 51
c226 1 995 54
c227 1 998 97
c228 1 1004 31
c229 0 1012 27
c230 1 1017 45
c231 1 1017 92
c232 0 1022 40
c233 0 1027 82
c234 1 1031 76
c235 1 1036 90
c236 0 1041 82
c237 0 1046 83
c238 0 1052 51
c239 1 1056 70
c240 1 1060 66
c241 1 1061 97
c242 0 1068 70
c243 0 1069 11
c244 1 1072 36
c245 1 1073 32
c246 1 1078 52
c247 0 1080 64
c248 0 1084 33
c249 1 1086 44
c250 0 1091 39
c251 0 1097 10
c252 1 1104 33
c253 0 1105 83
c254 1 1108 86
c255 0 1116 23
c256 1 1119 49
c257 0 1128 66
c258 1 1137 77
c259 1 1138 39
c260 0 1146 59
c261 0 1151 2
c262 1 1155 53
c263 0 1162 78
c264 0 1169 13
c265 0 1170 8
c266 1 1171 67
c267 0 1180 41
c268 1 1182 46
c269 1 1190 31
c270 0 1198 94
c271 0 1199 22
c272 0 1206 84
c273 0 1209 28
c274 1 1217 47
c275 0 1217 19
c276 0 1220 91
c277 0 1226 19
c278 0 1230 46
c279 0 1233 99
c280 1 1242 23
c281 0 1250 54
c282 0 1256 20
c283 0 1260 35
c284 1 1263 8
c285 1 1271 65
c286 1 1273 58
c287 0 1277 68
c288 1 1278 40
c289 0 1286 77
c290 0 1293 22
c291 0 1296 92
c292 0 1305 52
c293 1 1313 59
c294 1 1318 53
c295 1 1319 14
c296 1 1325 38
c297 0 1325 89
c298 0 1334 62
c299 1 1336 18
c300 0 1342 52
c301 0 1351 83
c302 1 1356 70
c303 0 1364 42
c304 0 1364 95
c305 1 1373 83
c306 1 1380 28
c307 1 1388 26
c308 0 1394 25
c309 1 1394 57
c310 0 1403 69
c311 0 1404 24
c312 0 1413 95
c313 1 1418 25
c314 0 1422 24
c315 1 1427 21
c316 0 1436 90
c317 1 1445 75
c318 1 1447 43
c319 1 1455 43
c320 1 1457 69
c321 1 1461 32
c322 0 1462 20
c323 1 1467 32
c324 0 1476 43
c325 1 1482 11
c326 1 1482 83
c327 1 1491 62
c328 1 1492 38
c329 1 1498 36
c330 0 1500 55
c331 1 1501 72
c332 1 1507 66
c333 1 1509 23
c334 1 1511 26
c335 0 1519 72
c336 0 1526 31
c337 1 1534 15
c338 1 1534 90
c339 0 1537 21
c340 0 1546 49
c341 1 1555 37
c342 1 1558 37
c343 0 1566 23
c344 0 1568 39
c345 1 1574 81
c346 1 1574 54
c347 0 1576 63
c348 0 1579 48
c349 0 1579 57
c350 0 1582 75
c351 0 1584 6
c352 1 1591 40
c353 1 1592 23
c354 0 1596 95
c355 0 1598 8
c356 1 1600 19
c357 0 1601 46
c358 1 1605 44
c359 1 1614 80
c360 1 1615 36
c361 0 1615 19
c362 0 1617 43
c363 1 1617 63
c364 0 1624 59
c365 1 1632 42
c366 1 1632 99
c367 1 1633 53
c368 1 1642 19
c369 0 1649 55
c370 0 1656 78
c371 0 1657 60
c372 0 1660 59
c373 1 1668 58
c374 1 1677 27
c375 0 1683 41
c376 1 1690 97
c377 0 1698 83
c378 1 1705 44
c379 1 1708 69
c380 0 1711 85
c381 1 1715 17
c382 0 1715 89
c383 0 1720 45
c384 1 1725 22
c385 1 1726 28
c386 1 1734 28
c387 1 1735 97
c388 1 1742 84
c389 0 1750 59
c390 0 1755 14
c391 0 1763 2
c392 0 1764 11
c393 1 1773 14
c394 1 1781 83
c395 1 1786 64
c396 1 1789 35
c397 0 1791 28
c398 1 1793 98
c399 0 1796 36
c400 0 1803 54
c401 0 1805 63
c402 1 1806 41
c403 0 1809 97
c404 0 1818 22
c405 0 1818 3
c406 0 1825 37
c407 0 1829 45
c408 1 1833 41
c409 1 1836 17
c410 0 1840 42
c411 0 1847 44
c412 0 1849 7
c413 1 1852 87
c414 1 1857 57
c415 1 1859 31
c416 1 1865 4
c417 1 1872 89
c418 0 1874 27
c419 0 1882 74
c420 1 1890 27
c421 1 1892 63
c422 1 1894 44
c423 1 1900 18
c424 1 1904 3
c425 1 1906 27
c426 0 1911 8
c427 0 1920 92
c428 0 1927 67
c429 1 1929 36
c430 1 1932 85
c431 0 1932 1
c432 1 1935 13
c433 1 1942 26
c434 0 1945 80
c435 1 1954 68
c436 1 1956 31
c437 0 1957 54
c438 0 1961 11
c439 0 1963 14
c440 1 1970 47
c441 0 1974 84
c442 0 1983 82
c443 0 1986 44
c444 1 1992 29
c445 0 1993 21
c446 0 1999 62
c447 1 2000 21
c448 0 2007 24
c449 1 2007 51
c450 1 2014 68
c451 1 2017 17
c452 0 2022 75
c453 1 2028 60
c454 0 2030 43
c455 0 2038 99
c456 1 2040 71
c457 1 2044 8
c458 1 2046 81
c459 0 2046 34
c460 1 2050 56
c461 0 2056 28
c462 1 2061 3
c463 0 2065 13
c464 0 2071 28
c465 1 2080 85
c466 0 2086 51
c467 0 2093 72
c468 0 2100 22
c469 1 2102 28
c470 0 2102 83
c471 1 2107 23
c472 1 2107 63
c473 0 2116 90
c474 1 2120 54
c475 0 2128 10
c476 1 2132 6
c477 0 2141 20
c478 1 2144 7
c479 1 2151 40
c480 1 2156 25
c481 0 2157 98
c482 1 2164 4
c483 0 2169 74
c484 1 2174 35
c485 0 2182 8
c486 1 2187 41
c487 1 2196 61
c488 1 2201 88
c489 0 2207 57
c490 1 2214 69
c491 0 2220 80
c492 0 2228 63
c493 0 2229 52
c494 1 2235 61
c495 0 2243 85
c496 0 2244 39
c497 0 2252 36
c498 0 2260 95
c499 1 2263 47
c500 0 2266 34
