c00 1 0 95
c01 1 3 95
c02 0 9 4
c03 1 12 78
c04 1 15 7
c05 1 24 22
c06 0 24 70
c07 0 27 77
c08 1 28 26
c09 1 35 45
c10 1 42 47
c11 0 45 84
c12 0 54 67
c13 1 61 71
c14 0 66 7
c15 0 72 91
c16 1 75 14
c17 0 83 69
c18 1 91 80
c19 0 96 83
c20 0 105 62
c21 0 105 13
c22 1 112 75
c23 0 114 72
c24 1 119 23
c25 1 120 40
c26 1 120 14
c27 1 128 74
c28 0 131 13
c29 0 139 67
c30 1 140 91
c31 0 140 64
c32 1 142 23
c33 0 142 99
c34 0 142 24
c35 1 142 31
c36 1 148 71
c37 0 156 23
c38 1 162 44
c39 0 163 98
c40 1 172 45
c41 0 177 84
c42 1 179 14
c43 0 185 54
c44 0 187 80
c45 0 190 13
c46 0 194 98
c47 0 199 78
c48 1 203 42
c49 0 204 96
c50 1 207 84
c51 1 215 36
c52 1 217 25
c53 1 217 44
c54 0 226 25
c55 1 229 63
c56 1 233 18
c57 1 239 16
c58 1 244 95
c59 0 247 47
c60 1 253 4
c61 0 257 62
c62 0 265 35
c63 1 267 94
c64 1 267 87
c65 0 268 49
c66 0 273 64
c67 0 273 96
c68 1 281 83
c69 0 286 91
c70 0 291 79
c71 1 293 68
c72 1 298 66
c73 0 303 13
c74 1 311 38
c75 0 316 56
c76 1 318 54
c77 1 324 49
c78 0 329 96
c79 0 336 33
c80 0 343 40
c81 0 352 64
c82 1 359 68
c83 0 359 47
c84 0 359 95
c85 1 364 59
c86 0 367 64
c87 1 367 53
c88 1 372 14
c89 1 379 83
c90 0 385 33
c91 0 389 88
c92 1 389 79
c93 1 392 18
c94 1 398 27
c95 1 407 80
c96 1 411 93
c97 1 415 39
c98 1 420 62
c99 0 427 24
c100 0 431 48
c101 0 433 18
c102 0 439 90
c103 1 447 86
c104 1 450 38
c105 1 459 49
c106 0 461 68
c107 0 461 39
c108 1 463 11
c109 1 463 74
c110 0 472 37
c111 1 472 62
c112 1 472 67
c113 1 480 11
c114 0 484 10
c115 1 489 85
c116 1 498 4
c117 1 504 96
c118 0 509 91
c119 1 516 41
c120 1 520 71
c121 0 521 38
c122 1 524 25
c123 1 524 1
c124 1 530 87
c125 0 531 79
c126 0 535 58
c127 0 544 82
c128 1 551 64
c129 1 551 99
c130 1 560 22
c131 0 569 91
c132 0 578 95
c133 0 587 86
c134 1 596 54
c135 0 604 20
c136 0 611 65
c137 0 618 16
c138 0 619 8
c139 1 623 95
c140 1 627 60
c141 1 628 97
c142 0 630 74
c143 1 634 47
c144 0 639 2
c145 0 644 80
c146 1 647 50
c147 0 655 61
c148 0 658 17
c149 0 659 88
c150 1 664 89
c151 1 665 51
c152 1 665 6
c153 1 667 36
c154 1 675 93
c155 1 677 40
c156 1 681 9
c157 0 683 9
c158 0 686 17
c159 1 690 52
c160 0 695 50
c161 0 698 44
c162 1 705 4
c163 0 711 14
c164 0 715 70
c165 1 721 46
c166 1 727 24
c167 0 734 47
c168 0 738 34
c169 1 744 45
c170 1 745 66
c171 1 753 51
c172 0 762 55
c173 1 764 39
c174 0 769 34
c175 0 770 49
c176 0 771 74
c177 1 774 62
c178 1 777 48
c179 1 785 90
c180 1 790 32
c181 0 792 86
c182 1 793 24
c183 0 797 19
c184 0 802 57
c185 1 809 77
c186 0 809 77
c187 0 814 97
c188 0 823 35
c189 1 826 53
c190 0 833 18
c191 0 834 4
c192 1 838 70
c193 1 845 43
c194 1 852 16
c195 0 860 18
c196 1 861 18
c197 1 862 65
c198 1 862 47
c199 0 866 92
c200 0 870 9
c201 1 872 62
c202 1 877 32
c203 0 883 63
c204 0 884 13
c205 0 890 70
c206 0 893 22
c207 1 897 66
c208 0 901 62
c209 1 901 20
c210 0 906 56
c211 0 909 33
c212 1 910 26
c213 0 916 45
c214 0 921 79
c215 1 929 87
c216 0 936 40
c217 1 945 79
c218 1 950 49
c219 0 958 94
c220 0 958 58
c221 1 960 38
c222 0 968 76
c223 1 973 2
c224 1 978 86
c225 1 985 6
c226 1 985 78
c227 0 990 7
c228 0 996 74
c229 0 996 88
c230 0 1001 48
c231 0 1005 67
c232 0 1009 69
c233 1 1015 83
c234 0 1016 27
c235 1 1025 16
c236 0 1028 17
c237 0 1034 23
c238 0 1038 82
c239 1 1040 71
c240 0 1043 88
c241 0 1048 80
c242 1 1052 61
c243 0 1055 35
c244 1 1063 86
c245 0 1068 42
c246 1 1075 38
c247 1 1084 28
c248 0 1093 43
c249 1 1100 38
c250 1 1101 73
c251 0 1105 4
c252 1 1111 31
c253 1 1115 20
c254 0 1119 74
c255 0 1128 61
c256 1 1134 36
c257 0 1134 49
c258 1 1141 56
c259 0 1145 53
c260 0 1152 66
c261 0 1157 35
c262 0 1158 97
c263 0 1163 48
c264 0 1168 93
c265 0 1173 27
c266 1 1181 91
c267 1 1181 94
c268 0 1182 63
c269 0 1185 58
c270 0 1187 7
c271 0 1195 20
c272 1 1204 9
c273 1 1211 57
c274 1 1217 33
c275 1 1225 10
c276 1 1225 28
c277 0 1233 98
c278 1 1240 54
c279 1 1242 70
c280 0 1243 16
c281 0 1243 65
c282 0 1246 55
c283 0 1249 9
c284 0 1252 8
c285 1 1253 68
c286 0 1254 69
c287 0 1260 29
c288 0 1262 22
c289 1 1265 87
c290 1 1272 14
c291 1 1273 89
c292 1 1275 46
c293 0 1279 65
c294 0 1287 1
c295 0 1287 91
c296 0 1287 98
c297 0 1289 54
c298 1 1294 98
c299 0 1300 14
c300 1 1306 45
c301 0 1308 24
c302 0 1310 61
c303 0 1316 32
c304 1 1317 94
c305 0 1318 16
c306 0 1327 3
c307 1 1335 97
c308 1 1341 92
c309 0 1343 16
c310 1 1349 39
c311 0 1354 55
c312 1 1358 27
c313 0 1361 80
c314 1 1370 64
c315 0 1374 20
c316 0 1380 99
c317 0 1387 25
c318 1 1394 2
c319 0 1403 6
c320 1 1405 8
c321 0 1405 70
c322 1 1405 73
c323 0 1407 64
c324 1 1412 36
c325 0 1415 62
c326 0 1422 31
c327 1 1422 32
c328 1 1427 35
c329 0 1427 7
c330 0 1430 39
c331 1 1432 19
c332 0 1437 71
c333 0 1441 10
c334 1 1442 18
c335 0 1446 22
c336 1 1447 28
c337 1 1447 36
c338 0 1448 64
c339 1 1453 58
c340 1 1454 73
c341 1 1462 83
c342 0 1469 77
c343 0 1469 98
c344 1 1470 13
c345 0 1479 82
c346 0 1484 81
c347 1 1485 40
c348 1 1493 62
c349 1 1495 13
c350 1 1496 22
c351 1 1503 46
c352 1 1504 40
c353 0 1510 19
c354 0 1516 55
c355 0 1517 46
c356 1 1521 99
c357 1 1523 4
c358 1 1528 49
c359 1 1529 26
c360 0 1537 44
c361 1 1544 5
c362 0 1544 3
c363 1 1553 67
c364 1 1560 51
c365 0 1566 5
c366 1 1570 85
c367 0 1570 20
c368 0 1573 60
c369 1 1579 83
c370 1 1581 19
c371 0 1586 9
c372 1 1591 45
c373 1 1598 64
c374 1 1606 30
c375 1 1611 96
c376 0 1613 2
c377 1 1613 24
c378 0 1618 86
c379 1 1621 49
c380 1 1625 7
c381 1 1629 35
c382 1 1638 69
c383 0 1639 2
c384 0 1647 60
c385 0 1656 76
c386 0 1662 91
c387 1 1668 83
c388 0 1675 19
c389 1 1680 15
c390 1 1681 58
c391 1 1685 62
c392 0 1694 66
c393 0 1694 57
c394 0 1695 36
c395 1 1701 22
c396 1 1709 86
c397 1 1717 71
c398 1 1726 88
c399 1 1735 77
c400 0 1744 21
c401 1 1749 31
c402 0 1752 2
c403 1 1754 2
c404 0 1763 72
c405 0 1769 23
c406 0 1772 27
c407 0 1781 84
c408 1 1785 95
c409 1 1793 44
c410 1 1800 87
c411 0 1805 75
c412 0 1807 6
c413 1 1813 44
c414 0 1816 29
c415 1 1816 67
c416 0 1824 6
c417 1 1830 3
c418 0 1839 14
c419 0 1843 51
c420 1 1843 84
c421 0 1843 44
c422 1 1846 65
c423 1 1851 96
c424 0 1857 85
c425 1 1866 66
c426 1 1869 33
c427 1 1876 94
c428 0 1878 89
c429 1 1883 41
c430 0 1891 41
c431 1 1900 32
c432 1 1904 88
c433 0 1907 80
c434 0 1908 21
c435 0 1915 24
c436 1 1923 73
c437 1 1931 11
c438 0 1933 76
c439 1 1941 24
c440 1 1946 34
c441 0 1952 12
c442 0 1952 22
c443 1 1958 8
c444 0 1962 21
c445 1 1968 62
c446 0 1972 24
c447 1 1974 21
c448 0 1978 32
c449 1 1982 77
c450 0 1991 69
c451 0 2000 63
c452 1 2008 2
c453 0 2010 20
c454 0 2014 52
c455 0 2018 20
c456 0 2026 57
c457 1 2035 2
c458 0 2044 94
c459 0 2047 9
c460 1 2049 10
c461 0 2052 56
c462 0 2058 18
c463 0 2060 59
c464 1 2069 5
c465 1 2071 56
c466 0 2079 68
c467 0 2087 98
c468 0 2095 26
c469 1 2096 7
c470 0 2096 6
c471 0 2102 6
c472 1 2105 10
c473 1 2109 77
c474 0 2115 93
c475 1 2121 40
c476 0 2122 8
c477 1 2130 17
c478 1 2132 95
c479 1 2139 95
c480 1 2140 19
c481 1 2146 18
c482 1 2154 98
c483 1 2157 51
c484 1 2157 36
c485 0 2160 51
c486 0 2165 5
c487 1 2172 78
c488 1 2172 85
c489 1 2176 78
c490 1 2176 22
c491 1 2178 5
c492 0 2178 97
c493 1 2180 90
c494 1 2188 10
c495 0 2188 37
c496 1 2191 48
c497 0 2196 23
c498 0 2204 12
c499 0 2210 36
c500 1 2219 94
