c00 0 0 84
c01 0 3 76
c02 1 6 24
c03 0 7 38
c04 1 10 2
c05 1 10 1
c06 1 18 50
c07 0 25 64
c08 0 32 13
c09 1 41 17
c10 0 44 83
c11 1 45 35
c12 1 48 28
c13 0 55 60
c14 1 63 38
c15 1 71 50
c16 1 72 98
c17 1 75 46
c18 1 76 35
c19 0 83 72
c20 1 90 27
c21 0 90 89
c22 0 93 83
c23 1 99 33
c24 1 105 71
c25 1 113 56
c26 1 115 6
c27 0 116 6
c28 0 118 45
c29 1 119 24
c30 0 126 53
c31 0 128 29
c32 0 135 62
c33 1 138 57
c34 1 143 44
c35 0 147 14
c36 1 149 20
c37 0 158 14
c38 1 162 81
c39 1 163 51
c40 0 169 74
c41 1 173 42
c42 0 174 11
c43 1 179 91
c44 0 187 93
c45 0 196 63
c46 1 205 72
c47 1 213 16
c48 0 216 43
c49 0 222 4
c50 1 226 75
c51 0 235 78
c52 0 242 35
c53 1 250 9
c54 0 259 12
c55 0 259 48
c56 1 263 37
c57 0 271 6
c58 1 276 23
c59 0 280 20
c60 0 283 46
c61 1 283 97
c62 0 290 20
c63 0 290 87
c64 1 295 94
c65 0 297 99
c66 0 302 70
c67 1 311 9
c68 1 311 72
c69 1 314 32
c70 0 317 33
c71 0 326 81
c72 1 332 76
c73 0 332 3
c74 1 340 82
c75 1 341 20
c76 0 342 99
c77 1 349 59
c78 1 355 89
c79 0 355 30
c80 0 357 55
c81 0 357 21
c82 1 360 36
c83 0 365 65
c84 0 365 12
c85 1 369 27
c86 0 371 8
c87 0 374 79
c88 0 377 28
c89 0 384 26
c90 0 393 47
c91 1 395 76
c92 1 401 68
c93 1 404 83
c94 1 409 33
c95 1 416 13
c96 0 421 85
c97 0 421 2
c98 1 426 21
c99 1 433 58
c100 0 433 74
c101 1 440 92
c102 0 443 78
c103 1 449 58
c104 0 453 4
c105 0 455 66
c106 0 461 85
c107 1 469 73
c108 0 476 50
c109 0 482 69
c110 1 491 23
c111 1 498 30
c112 0 502 41
c113 1 502 35
c114 1 510 10
c115 1 517 60
c116 0 521 4
c117 1 525 20
c118 1 534 97
c119 1 535 70
c120 0 535 42
c121 1 538 15
c122 0 544 73
c123 1 548 87
c124 0 553 13
c125 1 557 8
c126 0 560 96
c127 0 564 31
c128 1 571 13
c129 1 577 69
c130 0 578 62
c131 0 579 40
c132 1 583 84
c133 0 592 49
c134 0 600 22
c135 0 607 25
c136 1 614 99
c137 0 619 29
c138 0 628 16
c139 0 636 50
c140 0 637 77
c141 0 639 11
c142 1 644 83
c143 1 646 93
c144 1 651 41
c145 0 655 35
c146 1 659 88
c147 0 662 4
c148 0 664 29
c149 0 665 74
c150 1 672 75
c151 0 681 72
c152 1 689 94
c153 0 694 19
c154 0 701 39
c155 0 706 15
c156 1 712 93
c157 1 714 28
c158 1 714 87
c159 1 719 9
c160 1 719 60
c161 0 723 79
c162 0 730 99
c163 1 731 25
c164 0 732 86
c165 0 737 37
c166 1 745 68
c167 0 753 34
c168 0 758 57
c169 0 763 17
c170 0 769 81
c171 0 776 66
c172 1 780 28
c173 0 787 13
c174 1 788 18
c175 0 789 4
c176 0 798 41
c177 0 804 11
c178 0 805 24
c179 1 805 62
c180 0 809 45
c181 1 810 65
c182 0 813 40
c183 1 821 89
c184 0 825 23
c185 0 831 95
c186 1 835 30
c187 0 842 68
c188 0 850 35
c189 0 855 23
c190 1 861 84
c191 0 869 19
c192 1 875 47
c193 1 878 96
c194 0 880 41
c195 1 883 31
c196 0 890 82
c197 1 891 9
c198 1 897 53
c199 1 904 95
c200 1 905 86
c201 1 914 63
c202 0 921 51
c203 1 922 49
c204 1 929 22
c205 1 937 1
c206 0 943 68
c207 1 945 42
c208 1 947 76
c209 1 952 4
c210 0 955 39
c211 0 959 32
c212 0 967 26
c213 1 968 90
c214 1 975 72
c215 0 981 96
c216 1 989 80
c217 1 993 95
c218 0 998 25
c219 1 1003 52
c220 0 1009 38
c221 0 1018 42
c222 0 1020 17
c223 1 1026 56
c224 0 1028 93
c225 1 1028 38
c226 1 1035 70
c227 0 1039 37
c228 0 1042 96
c229 0 1051 99
c230 1 1059 40
c231 1 1066 27
c232 0 1066 1
c233 0 1070 93
c234 0 1077 55
c235 1 1082 18
c236 0 1087 20
c237 1 1088 78
c238 1 1094 11
c239 0 1102 33
c240 0 1105 20
c241 1 1109 81
c242 0 1113 99
c243 1 1118 63
c244 0 1122 60
c245 1 1126 97
c246 1 1130 58
c247 1 1135 37
c248 0 1136 78
c249 1 1145 40
c250 0 1147 24
c251 1 1150 48
c252 1 1151 82
c253 1 1156 11
c254 1 1157 24
c255 0 1157 39
c256 0 1157 66
c257 0 1165 30
c258 1 1166 1
c259 1 1166 32
c260 0 1171 49
c261 1 1178 45
c262 0 1186 33
c263 0 1189 3
c264 0 1195 27
c265 0 1195 7
c266 0 1204 61
c267 1 1206 15
c268 0 1206 1
c269 0 1210 32
c270 0 1210 85
c271 1 1216 57
c272 1 1220 68
c273 1 1226 27
c274 0 1229 74
c275 0 1234 96
c276 1 1234 70
c277 0 1234 5
c278 0 1240 68
c279 0 1249 85
c280 0 1251 90
c281 0 1253 88
c282 0 1255 3
c283 0 1263 91
c284 1 1267 95
c285 0 1273 38
c286 1 1276 43
c287 0 1283 2
c288 1 1286 26
c289 1 1295 91
c290 1 1296 58
c291 1 1302 15
c292 1 1311 10
c293 1 1318 94
c294 0 1327 8
c295 1 1332 77
c296 0 1339 64
c297 0 1340 83
c298 1 1345 39
c299 0 1351 22
c300 0 1360 44
c301 0 1363 12
c302 1 1370 11
c303 0 1377 75
c304 0 1381 61
c305 1 1390 30
c306 0 1399 34
c307 1 1407 39
c308 1 1413 82
c309 1 1417 89
c310 1 1420 42
c311 1 1422 23
c312 1 1429 34
c313 0 1432 46
c314 0 1440 18
c315 1 1440 38
c316 1 1446 75
c317 1 1455 42
c318 1 1458 52
c319 0 1462 30
c320 0 1466 87
c321 1 1473 6
c322 1 1479 71
c323 1 1482 69
c324 0 1488 11
c325 1 1488 33
c326 1 1494 9
c327 1 1501 40
c328 1 1507 85
c329 0 1508 89
c330 1 1515 63
c331 1 1524 61
c332 0 1528 1
c333 1 1535 50
c334 1 1537 13
c335 1 1539 70
c336 0 1542 81
c337 0 1544 62
c338 1 1545 67
c339 1 1554 60
c340 1 1562 94
c341 0 1571 17
c342 1 1578 90
c343 1 1586 80
c344 0 1593 37
c345 0 1602 90
c346 0 1608 19
c347 1 1610 94
c348 0 1610 98
c349 0 1612 25
c350 0 1618 34
c351 0 1621 73
c352 0 1630 3
c353 0 1635 34
c354 0 1640 48
c355 1 1646 14
c356 1 1655 27
c357 1 1658 41
c358 0 1667 97
c359 1 1667 96
c360 1 1674 96
c361 0 1677 69
c362 1 1679 58
c363 0 1685 78
c364 1 1691 99
c365 0 1691 31
c366 0 1698 81
c367 0 1699 27
c368 1 1708 50
c369 1 1717 50
c370 1 1725 22
c371 1 1725 95
c372 1 1725 2
c373 1 1729 53
c374 1 1736 39
c375 0 1737 60
c376 1 1746 36
c377 1 1746 6
c378 0 1747 68
c379 0 1756 39
c380 1 1760 16
c381 1 1761 8
c382 1 1768 26
c383 1 1772 18
c384 0 1781 27
c385 0 1782 75
c386 0 1784 18
c387 1 1792 94
c388 0 1799 26
c389 1 1804 45
c390 1 1809 22
c391 1 1810 43
c392 0 1815 39
c393 0 1823 84
c394 0 1829 85
c395 0 1838 73
c396 1 1842 18
c397 0 1842 9
c398 0 1851 36
c399 0 1860 22
c400 0 1865 2
c401 0 1869 62
c402 1 1877 94
c403 0 1877 87
c404 1 1877 63
c405 0 1885 84
c406 0 1889 74
c407 0 1898 24
c408 1 1905 90
c409 1 1907 92
c410 0 1910 94
c411 1 1913 9
c412 1 1913 89
c413 0 1916 28
c414 0 1920 92
c415 0 1924 52
c416 0 1928 89
c417 0 1932 14
c418 0 1932 50
c419 1 1936 10
c420 1 1937 13
c421 1 1943 72
c422 1 1951 1
c423 0 1956 36
c424 1 1964 34
c425 0 1964 37
c426 1 1965 90
c427 1 1971 10
c428 0 1980 33
c429 1 1982 7
c430 1 1982 99
c431 1 1985 91
c432 1 1989 72
c433 1 1991 83
c434 0 1999 43
c435 0 2008 12
c436 1 2008 14
c437 1 2012 53
c438 0 2013 86
c439 1 2020 66
c440 0 2025 12
c441 1 2033 25
c442 0 2041 19
c443 1 2047 34
c444 0 2053 91
c445 0 2055 9
c446 1 2057 39
c447 0 2060 76
c448 1 2065 9
c449 0 2073 45
c450 1 2076 36
c451 0 2079 15
c452 1 2084 42
c453 1 2093 16
c454 1 2098 44
c455 1 2101 1
c456 1 2110 27
c457 1 2118 74
c458 0 2124 28
c459 1 2132 62
c460 0 2139 81
c461 0 2146 8
c462 1 2147 61
c463 1 2156 14
c464 0 2159 15
c465 1 2161 35
c466 0 2162 36
c467 0 2171 46
c468 0 2180 22
c469 0 2189 25
c470 0 2191 85
c471 0 2196 96
c472 1 2205 7
c473 0 2214 96
c474 1 2220 76
c475 1 2222 58
c476 1 2225 62
c477 1 2234 4
c478 0 2241 72
c479 0 2243 72
c480 0 2248 79
c481 1 2250 22
c482 0 2257 84
c483 1 2259 16
c484 0 2265 61
c485 0 2272 13
c486 1 2278 50
c487 0 2286 51
c488 0 2290 93
c489 1 2291 89
c490 1 2293 19
c491 1 2295 79
c492 1 2295 2
c493 1 2297 62
c494 0 2305 54
c495 0 2307 53
c496 1 2308 60
c497 0 2312 12
c498 1 2318 86
c499 1 2320 29
c500 1 2320 64
