c00 1 0 27
c01 1 5 95
c02 0 14 96
c03 1 15 1
c04 1 18 24
c05 0 24 28
c06 0 27 61
c07 0 29 25
c08 1 38 87
c09 0 38 91
c10 0 47 86
c11 0 51 1
c12 0 54 51
c13 1 63 92
c14 0 71 46
c15 0 73 9
c16 0 82 40
c17 1 86 9
c18 1 86 22
c19 0 90 33
c20 1 91 63
c21 0 98 15
c22 1 104 71
c23 0 112 19
c24 0 114 15
c25 1 121 73
c26 0 130 35
c27 1 137 55
c28 0 138 82
c29 1 145 54
c30 0 145 90
c31 0 150 27
c32 0 150 38
c33 0 156 16
c34 0 157 7
c35 1 166 85
c36 1 167 94
c37 1 176 43
c38 1 179 50
c39 0 188 72
c40 1 192 46
c41 1 195 3
c42 1 204 27
c43 0 210 48
c44 1 211 51
c45 1 220 92
c46 1 226 56
c47 1 226 15
c48 0 234 98
c49 1 235 76
c50 0 238 5
c51 1 238 85
c52 1 247 7
c53 0 249 80
c54 1 257 53
c55 0 266 85
c56 1 273 82
c57 0 273 70
c58 0 278 85
c59 0 286 30
c60 1 295 95
c61 1 302 17
c62 0 303 41
c63 0 304 10
c64 0 309 60
c65 1 310 32
c66 0 319 3
c67 1 323 70
c68 1 327 12
c69 1 335 4
c70 1 340 15
c71 1 347 78
c72 1 351 57
c73 0 359 46
c74 0 365 64
c75 0 370 75
c76 1 374 21
c77 0 375 46
c78 0 377 48
c79 0 379 65
c80 1 381 2
c81 1 388 13
c82 0 397 85
c83 0 400 25
c84 0 406 4
c85 1 409 65
c86 1 414 31
c87 0 421 36
c88 0 427 48
c89 1 432 50
c90 0 436 62
c91 0 437 62
c92 0 443 42
c93 1 445 5
c94 0 446 60
c95 0 450 86
c96 0 452 70
c97 0 454 23
c98 0 462 53
c99 0 464 8
c100 0 470 79
c101 0 474 60
c102 1 474 94
c103 1 478 23
c104 0 487 51
c105 0 495 77
c106 1 503 60
c107 0 509 15
c108 1 513 45
c109 1 515 54
c110 1 519 60
c111 1 522 96
c112 0 531 54
c113 1 539 47
c114 1 541 73
c115 1 545 77
c116 0 551 35
c117 0 551 48
c118 0 558 46
c119 0 563 3
c120 0 571 18
c121 1 577 94
c122 1 584 57
c123 1 585 99
c124 1 591 92
c125 1 598 25
c126 0 601 87
c127 0 605 75
c128 1 609 21
c129 0 616 60
c130 0 622 53
c131 1 623 41
c132 1 627 18
c133 0 636 51
c134 1 640 1
c135 1 640 31
c136 1 648 87
c137 0 650 89
c138 0 659 45
c139 1 659 79
c140 1 667 85
c141 1 672 99
c142 0 672 78
c143 1 675 51
c144 0 679 83
c145 1 686 43
c146 1 693 25
c147 0 699 54
c148 1 707 12
c149 0 708 74
c150 0 710 23
c151 0 713 70
c152 1 721 96
c153 1 728 46
c154 1 728 53
c155 1 728 84
c156 1 734 89
c157 1 738 81
c158 0 741 9
c159 0 746 92
c160 0 753 36
c161 1 755 79
c162 0 761 5
c163 0 765 48
c164 0 770 15
c165 0 779 24
c166 1 780 39
c167 0 782 14
c168 1 785 71
c169 0 790 23
c170 1 793 1
c171 1 802 18
c172 1 807 39
c173 0 813 43
c174 0 819 49
c175 1 822 79
c176 0 822 87
c177 1 828 66
c178 0 829 65
c179 0 831 17
c180 1 832 3
c181 1 836 78
c182 0 836 98
c183 1 842 67
c184 0 850 90
c185 1 853 85
c186 0 860 61
c187 1 862 57
c188 1 866 37
c189 0 874 30
c190 1 874 44
c191 1 881 1
c192 1 890 22
c193 1 898 36
c194 1 900 61
c195 0 905 17
c196 0 910 30
c197 1 915 94
c198 1 923 37
c199 0 925 83
c200 1 932 26
c201 1 932 46
c202 1 932 43
c203 0 941 26
c204 1 942 75
c205 0 950 70
c206 1 957 89
c207 1 965 98
c208 1 968 57
c209 1 974 51
c210 0 981 36
c211 0 982 23
c212 0 982 28
c213 0 982 11
c214 0 991 5
c215 1 995 49
c216 0 996 5
c217 0 996 55
c218 0 1002 88
c219 1 1002 44
c220 0 1002 90
c221 1 1006 29
c222 0 1011 18
c223 0 1013 79
c224 1 1021 43
c225 1 1021 78
c226 0 1028 54
c227 0 1028 52
c228 1 1033 97
c229 1 1040 61
c230 1 1046 73
c231 0 1054 15
c232 1 1060 58
c233 0 1062 17
c234 1 1069 32
c235 1 1077 14
c236 1 1083 95
c237 1 1084 67
c238 1 1088 49
c239 0 1091 53
c240 0 1093 27
c241 1 1102 66
c242 1 1105 52
c243 0 1114 38
c244 1 1123 81
c245 1 1123 94
c246 0 1128 30
c247 1 1130 62
c248 0 1139 39
c249 1 1142 38
c250 0 1151 35
c251 0 1156 83
c252 0 1158 45
c253 1 1158 23
c254 1 1159 48
c255 1 1165 72
c256 1 1166 69
c257 0 1174 43
c258 1 1182 96
c259 0 1189 57
c260 1 1191 63
c261 1 1191 58
c262 0 1192 48
c263 1 1194 71
c264 0 1195 24
c265 1 1204 38
c266 1 1205 51
c267 0 1207 17
c268 1 1208 61
c269 1 1213 47
c270 0 1222 17
c271 1 1229 66
c272 1 1238 98
c273 1 1245 25
c274 0 1254 81
c275 1 1259 96
c276 1 1264 15
c277 1 1265 3
c278 0 1272 71
c279 1 1280 51
c280 1 1281 35
c281 1 1290 69
c282 0 1294 71
c283 1 1297 74
c284 0 1301 50
c285 1 1304 78
c286 1 1312 37
c287 1 1318 59
c288 1 1321 27
c289 0 1321 83
c290 1 1324 8
c291 1 1327 27
c292 1 1330 85
c293 0 1336 3
c294 0 1345 49
c295 1 1354 46
c296 1 1355 55
c297 0 1358 48
c298 1 1363 55
c299 1 1365 88
c300 0 1372 85
c301 0 1380 25
c302 0 1383 83
c303 0 1388 92
c304 0 1389 39
c305 0 1394 93
c306 0 1395 34
c307 1 1403 21
c308 0 1404 4
c309 1 1405 25
c310 0 1414 47
c311 0 1417 96
c312 0 1421 82
c313 0 1430 35
c314 1 1432 50
c315 0 1436 47
c316 1 1444 29
c317 1 1445 94
c318 1 1447 71
c319 0 1448 22
c320 1 1454 43
c321 0 1460 38
c322 1 1465 12
c323 1 1474 50
c324 0 1479 91
c325 0 1484 45
c326 1 1484 7
c327 1 1491 38
c328 1 1496 20
c329 0 1500 48
c330 0 1506 18
c331 0 1508 66
c332 0 1510 17
c333 1 1516 17
c334 1 1520 91
c335 1 1525 83
c336 1 1529 19
c337 1 1537 4
c338 0 1538 77
c339 1 1540 92
c340 1 1546 97
c341 0 1547 26
c342 0 1551 91
c343 1 1552 2
c344 0 1555 99
c345 1 1563 39
c346 1 1569 12
c347 1 1570 2
c348 0 1574 69
c349 1 1579 30
c350 1 1588 10
c351 0 1596 69
c352 0 1603 28
c353 0 1611 5
c354 0 1615 56
c355 1 1615 22
c356 0 1619 43
c357 1 1624 5
c358 1 1628 85
c359 0 1634 45
c360 1 1639 16
c361 0 1639 45
c362 1 1647 45
c363 1 1654 88
c364 0 1662 88
c365 1 1663 64
c366 1 1668 37
c367 0 1674 42
c368 1 1680 9
c369 1 1681 67
c370 0 1689 32
c371 0 1697 60
c372 0 1705 25
c373 0 1713 47
c374 0 1718 29
c375 1 1722 81
c376 0 1730 69
c377 0 1739 83
c378 0 1747 62
c379 1 1751 62
c380 0 1751 58
c381 0 1755 66
c382 1 1762 35
c383 1 1765 90
c384 0 1768 48
c385 1 1775 30
c386 1 1781 87
c387 0 1785 27
c388 0 1792 72
c389 0 1798 29
c390 1 1804 5
c391 1 1810 12
c392 1 1813 61
c393 0 1822 37
c394 1 1831 87
c395 1 1833 71
c396 1 1840 2
c397 0 1842 88
c398 0 1844 47
c399 0 1846 68
c400 1 1853 20
c401 0 1857 80
c402 1 1861 55
c403 0 1862 14
c404 0 1863 87
c405 0 1869 87
c406 1 1877 16
c407 1 1878 94
c408 1 1887 36
c409 0 1887 95
c410 1 1891 26
c411 0 1899 59
c412 0 1906 12
c413 0 1915 36
c414 1 1923 47
c415 0 1927 85
c416 0 1927 67
c417 1 1933 8
c418 1 1940 11
c419 1 1948 53
c420 0 1949 94
c421 1 1957 37
c422 0 1963 8
c423 1 1968 98
c424 0 1971 20
c425 1 1974 83
c426 1 1983 26
c427 0 1985 39
c428 0 1991 60
c429 0 1999 38
c430 0 2003 53
c431 0 2011 27
c432 1 2014 94
c433 0 2020 82
c434 1 2022 66
c435 0 2028 96
c436 0 2028 78
c437 0 2032 52
c438 1 2039 31
c439 0 2039 74
c440 0 2041 94
c441 1 2045 68
c442 0 2048 63
c443 1 2053 70
c444 0 2058 83
c445 1 2064 33
c446 1 2064 61
c447 1 2068 95
c448 1 2077 10
c449 1 2079 41
c450 0 2083 35
c451 0 2089 30
c452 1 2096 40
c453 0 2098 76
c454 0 2104 44
c455 0 2112 2
c456 0 2116 12
c457 1 2121 19
c458 1 2126 53
c459 0 2133 35
c460 0 2135 60
c461 1 2138 68
c462 0 2139 29
c463 1 2145 32
c464 0 2148 91
c465 0 2150 88
c466 1 2155 69
c467 0 2155 92
c468 0 2164 20
c469 1 2166 31
c470 1 2173 37
c471 0 2175 37
c472 0 2179 42
c473 0 2181 16
c474 0 2185 71
c475 0 2188 97
c476 1 2193 20
c477 1 2195 58
c478 0 2201 90
c479 1 2209 5
c480 0 2215 25
c481 0 2215 71
c482 1 2218 79
c483 0 2221 95
c484 1 2223 27
c485 1 2227 64
c486 0 2235 3
c487 1 2239 36
c488 0 2242 60
c489 1 2251 87
c490 0 2259 25
c491 1 2260 98
c492 0 2268 42
c493 1 2272 39
c494 1 2279 21
c495 0 2286 39
c496 0 2288 9
c497 0 2288 46
c498 0 2297 97
c499 1 2301 24
c500 1 2302 69
