c00 0 0 10
c01 0 6 23
c02 0 6 24
c03 1 11 86
c04 1 16 66
c05 1 25 70
c06 0 31 55
c07 1 31 70
c08 0 34 68
c09 1 43 8
c10 0 44 90
c11 1 49 23
c12 0 52 95
c13 1 56 57
c14 1 58 27
c15 1 65 73
c16 0 72 14
c17 0 81 49
c18 0 85 19
c19 0 90 36
c20 1 93 21
c21 0 96 40
c22 1 97 20
c23 0 103 78
c24 0 110 54
c25 0 114 3
c26 1 114 82
c27 1 117 51
c28 0 119 76
c29 0 127 43
c30 0 135 63
c31 1 144 24
c32 1 146 55
c33 0 152 89
c34 0 152 67
c35 1 160 35
c36 1 167 84
c37 1 176 20
c38 0 179 1
c39 0 180 97
c40 1 186 86
c41 1 188 56
c42 1 196 1
c43 0 198 44
c44 1 205 46
c45 1 211 14
c46 1 211 89
c47 0 216 69
c48 1 222 33
c49 0 224 21
c50 0 233 66
c51 1 242 45
c52 1 244 33
c53 0 248 95
c54 1 254 28
c55 0 259 40
c56 0 260 82
c57 1 261 20
c58 1 266 21
c59 1 274 66
c60 1 274 34
c61 1 282 2
c62 0 287 80
c63 0 291 68
c64 0 294 21
c65 0 295 33
c66 0 299 71
c67 0 306 45
c68 0 308 55
c69 1 308 29
c70 0 309 46
c71 0 311 59
c72 1 316 17
c73 1 317 50
c74 0 317 33
c75 1 319 89
c76 1 320 13
c77 1 328 86
c78 1 334 87
c79 0 337 45
c80 1 343 29
c81 1 348 76
c82 1 349 49
c83 0 350 32
c84 1 350 2
c85 1 357 85
c86 1 357 35
c87 1 358 93
c88 1 358 64
c89 1 358 98
c90 1 360 84
c91 0 368 37
c92 1 375 34
c93 1 380 44
c94 0 381 97
c95 0 384 65
c96 0 391 19
c97 0 395 31
c98 1 395 63
c99 1 400 42
c100 1 405 86
c101 1 409 11
c102 0 417 34
c103 1 422 18
c104 1 429 24
c105 1 437 11
c106 1 443 39
c107 1 446 44
c108 0 447 74
c109 0 453 24
c110 1 458 85
c111 1 461 76
c112 0 462 64
c113 1 468 26
c114 0 477 51
c115 0 479 54
c116 0 483 45
c117 1 492 48
c118 1 497 2
c119 0 505 4
c120 0 506 99
c121 1 507 37
c122 0 512 97
c123 1 521 84
c124 0 530 83
c125 1 538 96
c126 0 545 1
c127 1 548 91
c128 0 548 60
c129 1 557 34
c130 0 563 53
c131 0 568 98
c132 0 574 22
c133 1 580 40
c134 0 581 73
c135 0 581 45
c136 1 589 83
c137 1 592 51
c138 1 594 12
c139 1 600 99
c140 1 604 24
c141 1 609 30
c142 0 613 63
c143 1 616 54
c144 0 616 78
c145 0 624 66
c146 0 627 57
c147 1 636 2
c148 0 643 32
c149 0 646 38
c150 0 655 5
c151 1 656 41
c152 0 659 64
c153 1 661 93
c154 1 668 82
c155 1 673 49
c156 0 680 39
c157 1 684 39
c158 1 691 83
c159 1 696 13
c160 0 700 40
c161 1 708 16
c162 1 714 84
c163 0 714 52
c164 0 715 25
c165 1 722 3
c166 0 725 63
c167 0 728 7
c168 1 729 99
c169 1 730 89
c170 1 737 29
c171 1 740 30
c172 1 740 68
c173 0 743 25
c174 0 743 21
c175 0 746 41
c176 1 755 39
c177 0 761 28
c178 1 767 87
c179 1 769 60
c180 0 774 44
c181 0 775 61
c182 1 780 36
c183 1 781 90
c184 1 790 42
c185 1 797 98
c186 1 801 90
c187 1 804 50
c188 0 807 92
c189 1 814 70
c190 0 819 72
c191 1 825 25
c192 0 834 37
c193 1 842 38
c194 0 851 82
c195 0 852 63
c196 0 854 9
c197 0 862 30
c198 0 863 27
c199 0 869 89
c200 0 873 63
c201 0 873 10
c202 1 874 13
c203 1 879 88
c204 0 884 85
c205 1 888 24
c206 1 893 18
c207 0 896 93
c208 1 896 66
c209 1 905 34
c210 1 912 89
c211 1 912 83
c212 0 913 8
c213 0 920 86
c214 1 921 28
c215 1 924 28
c216 1 925 11
c217 1 931 79
c218 0 936 2
c219 0 941 53
c220 1 941 13
c221 1 945 34
c222 1 948 94
c223 1 954 9
c224 1 963 68
c225 0 969 62
c226 1 977 61
c227 1 979 50
c228 0 981 63
c229 0 983 67
c230 1 991 29
c231 0 997 72
c232 0 1001 37
c233 1 1001 72
c234 0 1004 10
c235 1 1005 56
c236 0 1009 80
c237 1 1009 79
c238 1 1010 97
c239 1 1011 85
c240 0 1018 95
c241 1 1023 83
c242 1 1027 91
c243 0 1031 76
c244 1 1034 4
c245 0 1034 65
c246 1 1034 4
c247 1 1034 45
c248 1 1041 45
c249 1 1043 21
c250 1 1043 55
c251 1 1048 10
c252 1 1052 52
c253 1 1057 87
c254 1 1059 43
c255 0 1068 32
c256 1 1074 32
c257 0 1078 60
c258 1 1081 43
c259 0 1089 80
c260 1 1094 39
c261 1 1102 23
c262 1 1111 17
c263 1 1118 12
c264 1 1118 44
c265 1 1123 22
c266 0 1132 80
c267 0 1137 42
c268 0 1139 45
c269 1 1140 58
c270 1 1147 72
c271 0 1153 43
c272 1 1161 8
c273 1 1166 38
c274 1 1174 30
c275 1 1181 46
c276 0 1188 79
c277 0 1191 4
c278 0 1199 61
c279 0 1202 26
c280 0 1207 35
c281 0 1213 22
c282 0 1220 93
c283 1 1222 12
c284 0 1227 40
c285 0 1228 55
c286 1 1234 22
c287 1 1238 88
c288 0 1241 42
c289 0 1242 27
c290 0 1248 21
c291 0 1251 9
c292 1 1258 60
c293 1 1261 89
c294 1 1265 1
c295 0 1273 4
c296 0 1277 11
c297 1 1281 49
c298 1 1281 64
c299 0 1290 51
c300 0 1299 72
c301 1 1308 65
c302 1 1310 5
c303 1 1313 76
c304 0 1313 23
c305 0 1320 14
c306 0 1326 91
c307 0 1327 86
c308 1 1329 15
c309 1 1337 29
c310 1 1346 1
c311 0 1350 5
c312 0 1357 49
c313 0 1357 64
c314 1 1366 19
c315 0 1367 47
c316 1 1374 29
c317 0 1379 67
c318 1 1386 29
c319 0 1394 41
c320 0 1399 80
c321 1 1402 28
c322 0 1404 4
c323 0 1411 51
c324 1 1414 60
c325 0 1422 39
c326 1 1430 94
c327 1 1436 32
c328 1 1438 21
c329 1 1438 90
c330 1 1441 23
c331 1 1445 5
c332 0 1450 24
c333 1 1451 43
c334 0 1455 7
c335 0 1457 76
c336 1 1460 36
c337 0 1466 76
c338 1 1473 78
c339 0 1480 15
c340 1 1481 62
c341 1 1483 34
c342 1 1490 24
c343 0 1497 82
c344 0 1501 65
c345 1 1510 84
c346 1 1515 67
c347 0 1518 33
c348 1 1522 68
c349 0 1531 6
c350 0 1536 40
c351 0 1537 36
c352 0 1546 60
c353 1 1550 92
c354 1 1558 45
c355 1 1566 6
c356 1 1572 87
c357 0 1580 12
c358 0 1582 57
c359 1 1591 93
c360 0 1600 34
c361 1 1609 92
c362 1 1613 73
c363 0 1615 26
c364 0 1615 48
c365 1 1624 63
c366 1 1626 98
c367 1 1631 96
c368 1 1639 29
c369 1 1645 12
c370 1 1653 90
c371 0 1656 73
c372 0 1663 40
c373 0 1666 19
c374 1 1673 76
c375 0 1679 50
c376 1 1686 11
c377 1 1686 32
c378 1 1695 28
c379 1 1695 80
c380 0 1703 80
c381 1 1710 96
c382 1 1717 85
c383 0 1721 5
c384 1 1727 15
c385 1 1735 68
c386 0 1744 51
c387 0 1744 6
c388 0 1744 41
c389 0 1747 44
c390 0 1753 92
c391 0 1756 9
c392 1 1764 56
c393 1 1767 64
c394 1 1768 22
c395 1 1773 41
c396 1 1780 9
c397 1 1786 61
c398 0 1786 84
c399 0 1786 68
c400 1 1793 39
c401 1 1802 38
c402 0 1805 2
c403 1 1811 83
c404 1 1820 89
c405 1 1824 10
c406 0 1826 1
c407 1 1828 87
c408 1 1834 78
c409 0 1834 25
c410 0 1843 23
c411 0 1850 5
c412 1 1852 52
c413 0 1857 95
c414 0 1865 72
c415 0 1865 49
c416 1 1874 28
c417 0 1874 10
c418 1 1881 3
c419 1 1887 11
c420 0 1895 78
c421 1 1903 77
c422 0 1910 91
c423 1 1916 52
c424 1 1922 19
c425 1 1930 86
c426 0 1938 47
c427 0 1945 58
c428 0 1951 9
c429 0 1956 10
c430 0 1962 84
c431 1 1963 52
c432 1 1972 21
c433 1 1976 45
c434 1 1976 28
c435 0 1980 30
c436 1 1988 57
c437 1 1989 41
c438 1 1996 55
c439 0 2002 68
c440 0 2002 19
c441 0 2009 3
c442 1 2017 33
c443 0 2023 32
c444 1 2028 33
c445 1 2028 39
c446 1 2031 48
c447 0 2033 54
c448 1 2035 28
c449 1 2044 13
c450 0 2045 59
c451 1 2049 3
c452 1 2049 7
c453 0 2049 71
c454 0 2049 5
c455 1 2056 21
c456 1 2058 84
c457 1 2063 45
c458 0 2063 94
c459 1 2064 47
c460 0 2073 26
c461 1 2073 17
c462 1 2079 98
c463 1 2079 31
c464 1 2084 87
c465 1 2087 38
c466 0 2090 81
c467 1 2099 43
c468 0 2102 46
c469 0 2104 68
c470 0 2112 45
c471 1 2113 89
c472 0 2122 25
c473 0 2125 27
c474 0 2133 50
c475 1 2139 63
c476 0 2139 76
c477 0 2147 40
c478 1 2156 39
c479 0 2165 62
c480 1 2172 30
c481 0 2181 12
c482 1 2190 20
c483 0 2191 93
c484 0 2192 56
c485 0 2197 1
c486 0 2203 36
c487 1 2210 2
c488 1 2214 44
c489 0 2217 78
c490 0 2224 39
c491 0 2231 30
c492 0 2238 47
c493 0 2246 49
c494 1 2254 95
c495 0 2256 91
c496 1 2264 69
c497 1 2270 95
c498 1 2275 13
c499 0 2281 54
c500 0 2287 40
