c00 0 0 66
c01 0 1 37
c02 0 10 16
c03 1 12 64
c04 1 14 27
c05 0 18 56
c06 1 23 6
c07 0 30 62
c08 1 37 98
c09 0 37 65
c10 0 43 91
c11 0 49 32
c12 0 55 68
c13 0 63 67
c14 1 66 13
c15 0 67 88
c16 0 74 85
c17 0 78 95
c18 1 82 3
c19 0 84 88
c20 1 84 80
c21 0 84 79
c22 0 84 6
c23 0 92 20
c24 1 97 29
c25 1 97 82
c26 0 100 64
c27 1 106 56
c28 0 108 13
c29 1 117 69
c30 1 121 47
c31 1 129 97
c32 0 130 57
c33 1 137 35
c34 0 140 93
c35 0 142 56
c36 0 144 28
c37 1 152 76
c38 1 152 91
c39 1 159 44
c40 1 162 57
c41 1 165 28
c42 0 174 15
c43 1 180 64
c44 1 183 12
c45 0 188 15
c46 0 189 53
c47 1 193 12
c48 0 193 60
c49 0 193 93
c50 1 195 22
c51 1 203 94
c52 0 211 10
c53 1 216 65
c54 0 223 86
c55 1 230 96
c56 1 235 71
c57 0 241 43
c58 1 246 44
c59 0 248 64
c60 0 250 57
c61 0 251 41
c62 0 252 49
c63 1 255 30
c64 0 264 26
c65 0 272 31
c66 1 279 99
c67 1 280 95
c68 1 282 79
c69 1 287 48
c70 0 292 49
c71 0 299 50
c72 1 308 70
c73 0 308 13
c74 1 309 57
c75 0 315 9
c76 1 315 20
c77 1 317 63
c78 0 322 7
c79 1 328 91
c80 0 330 73
c81 0 333 13
c82 1 333 11
c83 1 333 30
c84 0 338 23
c85 0 343 63
c86 0 348 82
c87 1 351 69
c88 1 352 57
c89 1 353 85
c90 1 359 97
c91 0 363 60
c92 1 366 76
c93 1 373 49
c94 0 380 16
c95 1 385 13
c96 1 385 20
c97 0 394 6
c98 0 399 9
c99 0 400 54
c100 0 403 97
c101 0 403 8
c102 1 408 67
c103 0 415 8
c104 1 419 99
c105 1 424 37
c106 0 429 5
c107 0 438 45
c108 0 446 96
c109 1 447 26
c110 0 452 13
c111 0 454 45
c112 1 459 29
c113 1 465 21
c114 0 472 79
c115 0 473 26
c116 1 480 8
c117 1 480 28
c118 1 484 46
c119 0 484 34
c120 0 489 79
c121 0 497 83
c122 0 505 44
c123 1 512 37
c124 1 518 38
c125 0 520 62
c126 0 528 85
c127 1 533 80
c128 1 536 3
c129 1 543 4
c130 0 543 1
c131 0 552 6
c132 1 560 49
c133 1 567 39
c134 1 572 5
c135 1 578 86
c136 0 583 7
c137 0 587 21
c138 0 589 50
c139 1 592 99
c140 0 593 54
c141 1 599 54
c142 0 605 23
c143 0 609 79
c144 0 612 48
c145 1 613 91
c146 0 622 36
c147 1 628 4
c148 0 632 59
c149 1 638 86
c150 0 642 24
c151 1 647 48
c152 0 654 92
c153 0 659 63
c154 0 667 91
c155 0 673 7
c156 0 679 41
c157 1 684 63
c158 0 688 4
c159 0 696 50
c160 0 699 30
c161 0 708 27
c162 0 710 9
c163 1 712 87
c164 0 713 69
c165 1 716 31
c166 1 725 5
c167 1 731 50
c168 0 736 47
c169 0 736 42
c170 0 740 95
c171 1 742 63
c172 0 748 99
c173 0 748 50
c174 1 751 71
c175 0 755 8
c176 1 760 20
c177 1 760 56
c178 1 765 78
c179 1 774 8
c180 0 778 50
c181 1 778 20
c182 1 786 13
c183 0 789 49
c184 1 794 64
c185 0 802 35
c186 0 803 81
c187 0 807 7
c188 0 813 61
c189 0 822 15
c190 1 827 18
c191 1 836 19
c192 0 842 12
c193 1 844 61
c194 1 847 76
c195 0 853 48
c196 0 862 3
c197 1 867 9
c198 0 872 33
c199 0 872 19
c200 0 878 59
c201 0 880 3
c202 0 885 29
c203 0 891 29
c204 1 900 76
c205 1 900 77
c206 0 909 38
c207 1 912 28
c208 0 914 41
c209 1 915 88
c210 1 924 48
c211 1 933 11
c212 0 940 27
c213 1 942 93
c214 0 945 92
c215 1 948 79
c216 0 949 22
c217 1 958 17
c218 0 960 8
c219 1 962 86
c220 0 964 1
c221 1 969 57
c222 1 973 87
c223 0 974 47
c224 0 976 2
c225 0 984 29
c226 1 984 77
c227 1 990 14
c228 1 990 97
c229 0 993 16
c230 0 999 36
c231 1 1005 75
c232 0 1011 87
c233 0 1012 53
c234 0 1012 60
c235 1 1017 76
c236 1 1024 73
c237 0 1025 11
c238 0 1030 39
c239 0 1033 25
c240 0 1034 92
c241 1 1041 17
c242 1 1044 16
c243 1 1044 77
c244 0 1052 77
c245 0 1052 31
c246 0 1053 40
c247 1 1060 35
c248 1 1060 95
c249 1 1067 49
c250 1 1075 91
c251 1 1079 42
c252 0 1084 47
c253 1 1092 21
c254 0 1100 85
c255 1 1101 18
c256 0 1107 65
c257 0 1112 72
c258 1 1112 46
c259 1 1120 48
c260 0 1123 23
c261 0 1130 52
c262 0 1138 89
c263 1 1147 23
c264 1 1155 76
c265 1 1160 10
c266 0 1162 43
c267 0 1164 5
c268 1 1170 55
c269 0 1177 90
c270 0 1181 92
c271 0 1184 62
c272 1 1187 93
c273 0 1195 62
c274 1 1196 78
c275 0 1205 3
c276 0 1209 6
c277 1 1212 39
c278 1 1219 46
c279 0 1226 25
c280 1 1232 88
c281 0 1233 91
c282 0 1239 62
c283 0 1241 68
c284 0 1246 76
c285 0 1250 11
c286 1 1251 39
c287 0 1255 55
c288 0 1256 18
c289 0 1258 39
c290 1 1263 48
c291 1 1271 44
c292 1 1275 21
c293 0 1279 15
c294 0 1283 13
c295 1 1288 96
c296 1 1291 34
c297 0 1300 51
c298 1 1300 56
c299 1 1303 27
c300 1 1304 66
c301 0 1310 27
c302 0 1312 26
c303 1 1314 18
c304 0 1315 70
c305 0 1322 43
c306 1 1329 28
c307 0 1330 24
c308 1 1335 59
c309 0 1340 26
c310 1 1341 56
c311 1 1345 53
c312 1 1352 47
c313 0 1355 57
c314 0 1357 71
c315 0 1361 67
c316 1 1365 24
c317 0 1367 13
c318 0 1371 65
c319 1 1380 91
c320 0 1388 7
c321 0 1392 26
c322 0 1396 38
c323 1 1403 88
c324 0 1405 32
c325 1 1405 7
c326 0 1408 37
c327 1 1413 23
c328 0 1422 18
c329 0 1431 51
c330 1 1431 64
c331 0 1431 20
c332 1 1438 35
c333 0 1444 15
c334 1 1451 54
c335 1 1455 57
c336 1 1463 87
c337 1 1464 27
c338 1 1470 14
c339 1 1471 51
c340 0 1471 91
c341 0 1471 82
c342 1 1475 9
c343 0 1475 62
c344 1 1475 59
c345 0 1480 21
c346 0 1482 7
c347 0 1491 41
c348 0 1494 55
c349 1 1501 88
c350 1 1503 73
c351 1 1510 39
c352 1 1513 12
c353 1 1518 3
c354 1 1518 98
c355 1 1520 99
c356 0 1520 45
c357 0 1520 60
c358 1 1523 64
c359 1 1525 79
c360 0 1531 68
c361 1 1531 9
c362 0 1536 76
c363 0 1542 50
c364 1 1551 98
c365 1 1559 63
c366 1 1566 98
c367 1 1574 52
c368 0 1583 41
c369 0 1586 99
c370 1 1589 91
c371 0 1589 31
c372 1 1589 13
c373 0 1594 74
c374 1 1594 61
c375 0 1598 56
c376 1 1599 70
c377 0 1601 43
c378 0 1602 48
c379 1 1606 79
c380 0 1610 58
c381 1 1618 63
c382 1 1625 74
c383 0 1632 49
c384 0 1640 5
c385 1 1647 20
c386 0 1648 92
c387 1 1651 89
c388 0 1655 62
c389 1 1661 12
c390 1 1663 45
c391 1 1664 20
c392 0 1668 17
c393 1 1675 50
c394 1 1675 55
c395 1 1675 74
c396 0 1683 89
c397 0 1690 34
c398 0 1695 4
c399 1 1697 21
c400 0 1703 4
c401 0 1708 1
c402 1 1710 83
c403 1 1712 14
c404 1 1715 36
c405 0 1716 13
c406 1 1725 71
c407 1 1733 18
c408 0 1739 35
c409 1 1744 72
c410 0 1744 15
c411 1 1749 46
c412 1 1754 51
c413 0 1754 27
c414 1 1760 47
c415 0 1761 35
c416 1 1762 98
c417 1 1770 71
c418 1 1774 8
c419 0 1780 25
c420 1 1789 12
c421 0 1796 62
c422 1 1798 38
c423 0 1799 27
c424 1 1807 19
c425 0 1811 71
c426 0 1817 35
c427 0 1820 42
c428 1 1821 63
c429 1 1822 76
c430 0 1824 87
c431 0 1830 59
c432 0 1834 4
c433 1 1841 20
c434 1 1848 71
c435 0 1853 69
c436 0 1853 34
c437 0 1858 85
c438 1 1865 19
c439 1 1870 40
c440 0 1875 89
c441 0 1882 78
c442 1 1887 74
c443 1 1895 39
c444 1 1901 27
c445 0 1902 69
c446 0 1908 11
c447 1 1915 27
c448 1 1922 97
c449 0 1929 36
c450 0 1936 57
c451 1 1940 70
c452 0 1941 52
c453 0 1942 70
c454 1 1945 88
c455 1 1947 74
c456 0 1950 21
c457 1 1950 18
c458 0 1958 41
c459 0 1958 72
c460 1 1960 57
c461 0 1967 23
c462 1 1969 81
c463 0 1969 40
c464 1 1971 72
c465 0 1976 76
c466 0 1984 32
c467 1 1987 5
c468 1 1994 66
c469 1 1997 99
c470 1 2004 3
c471 1 2004 25
c472 0 2011 46
c473 1 2012 95
c474 1 2017 63
c475 1 2023 89
c476 0 2025 98
c477 1 2030 21
c478 1 2038 23
c479 0 2038 21
c480 0 2047 91
c481 1 2050 35
c482 0 2056 48
c483 0 2063 17
c484 1 2069 26
c485 1 2073 97
c486 0 2082 75
c487 1 2085 74
c488 0 2092 54
c489 1 2097 99
c490 0 2097 64
c491 0 2103 5
c492 1 2109 74
c493 0 2111 23
c494 0 2118 16
c495 1 2118 37
c496 1 2124 89
c497 1 2127 26
c498 1 2134 25
c499 1 2143 62
c500 0 2147 53
