c00 1 0 42
c01 1 5 92
c02 0 11 35
c03 1 19 42
c04 0 19 36
c05 0 22 13
c06 0 22 94
c07 1 26 8
c08 1 29 31
c09 0 31 34
c10 0 33 50
c11 0 41 59
c12 0 50 32
c13 1 57 9
c14 0 61 72
c15 0 70 75
c16 1 70 79
c17 1 75 68
c18 1 81 9
c19 1 90 82
c20 1 98 23
c21 1 107 5
c22 0 112 10
c23 0 120 87
c24 1 127 50
c25 1 134 44
c26 0 135 59
c27 1 143 57
c28 1 147 18
c29 1 156 57
c30 0 160 79
c31 0 167 64
c32 1 168 1
c33 0 175 65
c34 1 179 54
c35 0 188 95
c36 1 189 19
c37 1 193 84
c38 1 201 25
c39 1 205 95
c40 0 212 80
c41 0 215 87
c42 1 224 91
c43 1 232 22
c44 0 240 22
c45 1 246 2
c46 1 246 80
c47 1 252 61
c48 1 261 28
c49 1 263 98
c50 0 271 75
c51 1 273 68
c52 1 274 74
c53 1 279 70
c54 0 280 62
c55 1 283 40
c56 1 287 74
c57 1 294 93
c58 1 294 73
c59 1 300 46
c60 0 304 89
c61 1 313 67
c62 0 321 24
c63 0 324 79
c64 0 330 94
c65 0 335 34
c66 0 340 93
c67 1 343 74
c68 0 345 44
c69 0 351 88
c70 1 357 73
c71 0 364 11
c72 0 373 3
c73 0 380 88
c74 0 383 70
c75 1 385 35
c76 1 388 78
c77 0 395 46
c78 1 398 93
c79 1 402 11
c80 1 403 24
c81 1 403 84
c82 1 407 36
c83 1 408 50
c84 1 412 33
c85 0 415 14
c86 1 420 99
c87 1 420 14
c88 0 428 16
c89 0 437 27
c90 0 441 59
c91 1 444 84
c92 0 447 8
c93 1 451 5
c94 1 458 64
c95 0 464 49
c96 1 464 11
c97 0 473 55
c98 0 482 56
c99 0 490 70
c100 0 492 27
c101 0 494 14
c102 0 502 64
c103 0 503 81
c104 1 504 6
c105 0 507 83
c106 1 510 9
c107 0 518 67
c108 0 526 16
c109 1 528 85
c110 1 533 44
c111 1 542 5
c112 0 543 81
c113 1 545 76
c114 1 551 62
c115 0 559 66
c116 1 567 12
c117 1 574 76
c118 1 581 77
c119 0 585 40
c120 0 590 31
c121 1 599 66
c122 0 606 50
c123 1 609 19
c124 1 609 5
c125 0 617 65
c126 0 621 99
c127 0 625 99
c128 1 625 89
c129 0 630 8
c130 1 635 90
c131 1 639 85
c132 0 641 40
c133 0 649 36
c134 0 652 64
c135 1 658 83
c136 1 667 28
c137 1 673 19
c138 0 678 91
c139 1 685 20
c140 1 685 72
c141 1 694 10
c142 1 695 54
c143 0 702 84
c144 0 704 11
c145 0 709 90
c146 1 709 31
c147 1 713 79
c148 0 722 93
c149 0 722 61
c150 0 722 57
c151 0 729 22
c152 1 729 38
c153 1 734 43
c154 0 740 32
c155 0 740 42
c156 1 746 70
c157 1 752 50
c158 0 758 35
c159 0 765 29
c160 0 773 39
c161 1 773 58
c162 1 777 48
c163 0 783 64
c164 1 783 21
c165 0 789 38
c166 0 795 89
c167 0 796 54
c168 1 801 81
c169 0 802 57
c170 0 803 24
c171 1 804 58
c172 1 812 56
c173 1 816 32
c174 0 819 28
c175 0 826 50
c176 1 832 49
c177 0 832 59
c178 1 836 15
c179 1 838 70
c180 1 844 97
c181 0 845 81
c182 0 851 84
c183 0 859 87
c184 1 866 45
c185 1 868 34
c186 0 872 55
c187 1 873 90
c188 0 873 15
c189 1 873 35
c190 0 873 2
c191 1 882 6
c192 1 883 32
c193 1 890 58
c194 0 890 14
c195 1 892 53
c196 0 901 41
c197 0 902 15
c198 1 911 44
c199 1 917 24
c200 1 922 98
c201 0 922 21
c202 0 928 96
c203 1 930 15
c204 1 934 25
c205 1 940 96
c206 1 948 36
c207 0 952 17
c208 0 958 6
c209 0 960 24
c210 1 961 20
c211 1 966 76
c212 1 968 83
c213 0 968 60
c214 1 974 12
c215 1 983 53
c216 1 990 35
c217 0 993 15
c218 0 996 68
c219 0 1002 63
c220 0 1004 89
c221 0 1004 8
c222 0 1004 60
c223 1 1012 32
c224 0 1019 78
c225 1 1023 12
c226 1 1027 10
c227 1 1028 94
c228 0 1031 32
c229 1 1040 27
c230 0 1047 79
c231 1 1056 86
c232 0 1064 79
c233 1 1068 62
c234 1 1072 97
c235 1 1072 22
c236 1 1075 8
c237 1 1084 1
c238 1 1093 12
c239 1 1099 99
c240 0 1105 89
c241 1 1110 18
c242 1 1118 97
c243 1 1124 69
c244 1 1124 21
c245 0 1126 28
c246 1 1135 8
c247 1 1137 18
c248 0 1137 34
c249 0 1142 8
c250 0 1146 98
c251 1 1149 51
c252 0 1156 15
c253 0 1157 50
c254 0 1158 42
c255 0 1160 94
c256 0 1160 89
c257 1 1169 5
c258 0 1171 6
c259 1 1173 44
c260 1 1180 98
c261 1 1183 90
c262 0 1184 93
c263 1 1184 65
c264 0 1186 13
c265 0 1195 89
c266 1 1197 64
c267 0 1206 88
c268 0 1208 84
c269 1 1214 48
c270 0 1220 31
c271 0 1227 56
c272 0 1227 97
c273 1 1230 45
c274 0 1235 72
c275 0 1236 46
c276 1 1243 46
c277 1 1252 78
c278 0 1259 68
c279 0 1266 10
c280 0 1267 13
c281 0 1272 24
c282 0 1278 37
c283 0 1284 6
c284 0 1290 68
c285 1 1291 17
c286 1 1297 11
c287 1 1304 55
c288 0 1310 23
c289 1 1314 4
c290 0 1316 82
c291 0 1320 48
c292 0 1320 18
c293 0 1322 69
c294 1 1324 50
c295 1 1331 76
c296 0 1332 38
c297 1 1337 73
c298 1 1337 18
c299 1 1339 54
c300 0 1341 71
c301 0 1350 39
c302 0 1355 16
c303 0 1361 78
c304 0 1361 81
c305 1 1362 16
c306 0 1365 48
c307 0 1372 98
c308 1 1375 81
c309 0 1382 36
c310 1 1385 62
c311 0 1388 20
c312 0 1392 75
c313 0 1401 57
c314 0 1403 31
c315 0 1404 80
c316 0 1405 43
c317 1 1407 47
c318 1 1408 3
c319 0 1413 13
c320 1 1413 59
c321 0 1422 15
c322 1 1428 73
c323 0 1433 42
c324 1 1439 65
c325 1 1441 20
c326 0 1449 38
c327 1 1457 85
c328 1 1457 97
c329 0 1466 14
c330 0 1472 19
c331 1 1479 70
c332 1 1479 71
c333 1 1484 76
c334 1 1486 86
c335 1 1492 59
c336 0 1492 20
c337 1 1501 55
c338 0 1507 9
c339 0 1507 19
c340 0 1507 94
c341 0 1514 90
c342 1 1515 80
c343 1 1521 8
c344 1 1524 39
c345 1 1530 97
c346 0 1538 88
c347 1 1539 91
c348 1 1539 39
c349 1 1545 85
c350 1 1550 62
c351 1 1553 24
c352 0 1559 71
c353 1 1561 6
c354 1 1568 7
c355 1 1576 99
c356 1 1580 7
c357 1 1584 56
c358 0 1587 29
c359 1 1588 62
c360 1 1592 74
c361 0 1599 90
c362 0 1604 25
c363 1 1604 59
c364 1 1611 7
c365 1 1612 85
c366 1 1612 55
c367 0 1615 55
c368 1 1624 55
c369 1 1633 5
c370 1 1636 97
c371 0 1644 88
c372 1 1652 20
c373 0 1657 32
c374 1 1665 36
c375 0 1665 40
c376 0 1673 23
c377 0 1679 70
c378 0 1685 15
c379 1 1685 42
c380 1 1686 35
c381 0 1693 95
c382 1 1698 7
c383 0 1704 63
c384 1 1708 80
c385 0 1710 75
c386 1 1715 4
c387 1 1717 26
c388 1 1724 45
c389 0 1724 66
c390 0 1728 70
c391 0 1737 88
c392 1 1744 41
c393 1 1748 44
c394 0 1755 15
c395 1 1759 92
c396 0 1762 66
c397 0 1764 10
c398 0 1770 81
c399 0 1774 33
c400 0 1778 19
c401 0 1778 78
c402 1 1778 96
c403 1 1786 88
c404 0 1789 59
c405 1 1796 72
c406 1 1802 36
c407 0 1803 55
c408 1 1809 22
c409 1 1813 95
c410 1 1815 31
c411 0 1820 73
c412 0 1823 95
c413 0 1823 60
c414 1 1831 87
c415 1 1837 69
c416 1 1839 71
c417 0 1840 29
c418 0 1845 20
c419 0 1851 63
c420 0 1851 1
c421 0 1857 81
c422 0 1858 51
c423 0 1863 39
c424 0 1863 83
c425 0 1872 63
c426 0 1873 64
c427 1 1878 61
c428 0 1879 39
c429 0 1886 47
c430 0 1888 92
c431 1 1893 55
c432 1 1901 97
c433 0 1909 73
c434 1 1918 1
c435 1 1918 29
c436 0 1922 42
c437 1 1926 30
c438 1 1930 65
c439 1 1934 26
c440 1 1942 73
c441 1 1943 34
c442 0 1943 72
c443 0 1946 63
c444 0 1949 52
c445 1 1951 11
c446 0 1958 2
c447 1 1961 90
c448 1 1965 8
c449 1 1972 44
c450 1 1975 13
c451 0 1975 25
c452 1 1980 97
c453 0 1981 42
c454 1 1983 10
c455 1 1990 51
c456 1 1992 49
c457 0 1999 20
c458 0 2002 96
c459 1 2005 6
c460 0 2007 51
c461 0 2014 24
c462 0 2020 90
c463 0 2022 7
c464 0 2029 97
c465 0 2036 69
c466 1 2042 1
c467 1 2050 81
c468 1 2056 74
c469 1 2060 44
c470 0 2060 59
c471 0 2064 39
c472 1 2066 32
c473 1 2070 14
c474 0 2071 69
c475 1 2073 72
c476 1 2078 58
c477 0 2082 58
c478 0 2082 37
c479 0 2089 45
c480 1 2092 40
c481 1 2098 49
c482 1 2107 41
c483 1 2115 33
c484 1 2122 75
c485 0 2124 1
c486 1 2124 80
c487 0 2133 66
c488 1 2137 57
c489 1 2141 28
c490 1 2147 64
c491 0 2156 58
c492 0 2156 94
c493 0 2164 16
c494 1 2164 27
c495 0 2166 13
c496 0 2166 6
c497 0 2173 39
c498 1 2182 98
c499 1 2191 97
c500 1 2191 18
