c00 0 0 75
c01 1 9 26
c02 0 17 17
c03 0 25 12
c04 0 29 60
c05 0 36 4
c06 0 45 41
c07 0 53 23
c08 1 61 27
c09 0 65 59
c10 1 70 52
c11 0 73 7
c12 0 78 93
c13 1 79 14
c14 0 85 16
c15 0 92 65
c16 0 96 64
c17 1 103 13
c18 1 111 19
c19 1 119 87
c20 1 126 16
c21 0 133 64
c22 0 138 7
c23 1 138 53
c24 1 142 64
c25 1 147 68
c26 1 147 19
c27 1 149 58
c28 1 154 69
c29 0 158 15
c30 1 164 61
c31 0 164 89
c32 0 173 84
c33 0 182 74
c34 1 190 83
c35 0 194 95
c36 0 201 56
c37 0 210 26
c38 0 219 33
c39 1 222 47
c40 0 227 90
c41 0 228 20
c42 1 234 30
c43 1 240 37
c44 1 249 68
c45 1 253 89
c46 0 260 59
c47 0 261 13
c48 1 269 42
c49 0 273 5
c50 0 280 66
c51 0 287 52
c52 0 291 24
c53 1 291 9
c54 0 294 37
c55 0 297 10
c56 0 304 19
c57 1 310 25
c58 0 311 44
c59 1 315 53
c60 0 315 49
c61 1 315 47
c62 1 316 76
c63 0 322 40
c64 0 325 83
c65 0 333 8
c66 1 337 79
c67 0 345 46
c68 0 350 31
c69 0 358 20
c70 1 364 26
c71 1 368 65
c72 0 370 37
c73 0 372 48
c74 0 375 91
c75 1 380 28
c76 0 382 90
c77 1 390 86
c78 0 390 36
c79 1 392 72
c80 1 399 39
c81 0 408 1
c82 0 413 42
c83 1 421 34
c84 1 429 45
c85 0 431 39
c86 1 434 98
c87 0 437 87
c88 1 445 15
c89 1 454 96
c90 0 460 33
c91 1 461 37
c92 0 468 99
c93 0 469 1
c94 1 470 37
c95 1 473 41
c96 0 479 24
c97 1 483 54
c98 0 486 52
c99 0 487 91
c100 1 492 19
c101 0 496 22
c102 0 504 84
c103 0 508 24
c104 1 516 41
c105 0 520 33
c106 1 521 34
c107 0 523 12
c108 0 526 52
c109 0 533 55
c110 0 534 7
c111 0 534 33
c112 0 537 29
c113 1 537 58
c114 1 544 52
c115 0 553 91
c116 1 556 33
c117 1 565 54
c118 1 568 3
c119 0 577 60
c120 0 577 74
c121 0 584 76
c122 1 584 44
c123 1 591 12
c124 1 591 29
c125 1 598 52
c126 1 601 55
c127 1 610 58
c128 0 616 65
c129 1 616 63
c130 0 623 69
c131 0 627 40
c132 1 631 79
c133 1 638 66
c134 1 644 17
c135 1 645 69
c136 1 645 21
c137 0 648 29
c138 0 650 98
c139 0 655 59
c140 1 664 36
c141 0 666 85
c142 0 671 52
c143 0 680 67
c144 1 686 8
c145 0 693 21
c146 1 702 75
c147 0 709 70
c148 1 715 41
c149 1 719 10
c150 1 726 27
c151 0 726 27
c152 1 732 76
c153 1 733 35
c154 1 737 42
c155 1 741 50
c156 0 750 96
c157 0 750 83
c158 0 756 47
c159 0 760 25
c160 1 761 89
c161 1 765 1
c162 1 767 37
c163 1 769 14
c164 0 776 2
c165 0 783 25
c166 0 785 3
c167 0 791 84
c168 1 792 95
c169 1 794 38
c170 0 797 46
c171 1 799 41
c172 0 802 29
c173 0 807 82
c174 0 812 34
c175 1 812 57
c176 0 815 35
c177 0 817 3
c178 0 820 89
c179 0 820 70
c180 0 825 99
c181 0 833 65
c182 1 838 54
c183 0 843 39
c184 0 848 55
c185 0 849 22
c186 1 854 36
c187 0 855 95
c188 1 858 47
c189 0 861 59
c190 1 870 82
c191 0 877 3
c192 0 880 26
c193 1 887 46
c194 0 889 55
c195 0 891 72
c196 1 896 11
c197 0 902 5
c198 1 911 54
c199 0 918 44
c200 1 925 24
c201 1 927 31
c202 1 929 43
c203 1 936 63
c204 0 937 79
c205 0 939 1
c206 0 942 98
c207 1 951 86
c208 1 953 93
c209 1 957 50
c210 0 959 71
c211 0 966 17
c212 0 967 70
c213 0 969 6
c214 1 971 69
c215 0 975 40
c216 0 983 92
c217 0 988 84
c218 1 988 65
c219 1 995 12
c220 1 1002 71
c221 0 1006 26
c222 0 1009 94
c223 0 1015 66
c224 1 1020 90
c225 1 1028 89
c226 0 1033 64
c227 0 1039 20
c228 0 1043 22
c229 0 1046 90
c230 0 1046 54
c231 1 1046 86
c232 0 1050 25
c233 0 1057 97
c234 0 1064 84
c235 1 1065 42
c236 1 1069 58
c237 1 1072 11
c238 0 1075 40
c239 0 1079 24
c240 1 1082 54
c241 1 1084 74
c242 0 1090 25
c243 1 1091 85
c244 1 1094 36
c245 0 1101 72
c246 0 1106 90
c247 1 1112 19
c248 0 1119 7
c249 1 1123 40
c250 1 1132 29
c251 0 1137 36
c252 0 1145 27
c253 0 1149 55
c254 1 1149 28
c255 0 1156 12
c256 1 1162 25
c257 0 1162 34
c258 1 1170 41
c259 0 1172 78
c260 0 1174 65
c261 0 1178 7
c262 0 1183 35
c263 1 1192 62
c264 1 1192 4
c265 1 1194 31
c266 1 1196 34
c267 0 1199 58
c268 0 1200 65
c269 1 1202 73
c270 1 1202 89
c271 1 1211 71
c272 1 1213 30
c273 0 1214 43
c274 1 1217 8
c275 1 1222 3
c276 0 1229 92
c277 1 1229 78
c278 0 1237 86
c279 0 1240 67
c280 1 1245 67
c281 0 1249 12
c282 1 1258 54
c283 0 1258 78
c284 0 1265 31
c285 1 1273 83
c286 0 1274 58
c287 1 1280 42
c288 1 1284 33
c289 0 1291 91
c290 0 1291 11
c291 0 1294 29
c292 0 1303 37
c293 1 1312 7
c294 1 1319 75
c295 1 1320 28
c296 1 1324 11
c297 0 1333 93
c298 1 1334 86
c299 1 1339 22
c300 0 1345 12
c301 0 1349 61
c302 1 1351 8
c303 1 1357 91
c304 1 1363 69
c305 0 1368 97
c306 1 1372 65
c307 1 1372 81
c308 0 1377 18
c309 0 1377 70
c310 0 1385 99
c311 0 1390 5
c312 1 1394 89
c313 0 1395 41
c314 1 1398 85
c315 0 1402 83
c316 0 1404 61
c317 0 1412 78
c318 0 1416 34
c319 1 1424 86
c320 0 1433 46
c321 0 1437 31
c322 1 1438 51
c323 1 1443 32
c324 1 1446 64
c325 0 1449 54
c326 1 1450 7
c327 0 1453 77
c328 1 1454 80
c329 1 1459 88
c330 1 1459 74
c331 1 1459 38
c332 0 1459 69
c333 1 1468 70
c334 1 1470 95
c335 1 1477 16
c336 1 1484 66
c337 1 1484 69
c338 1 1486 46
c339 1 1486 85
c340 1 1493 57
c341 0 1501 12
c342 1 1506 97
c343 1 1506 60
c344 1 1509 88
c345 1 1512 39
c346 1 1517 47
c347 1 1518 10
c348 0 1520 15
c349 0 1526 56
c350 0 1531 28
c351 1 1535 38
c352 1 1544 92
c353 1 1544 53
c354 1 1544 57
c355 0 1551 50
c356 1 1557 81
c357 0 1564 2
c358 0 1564 79
c359 1 1565 73
c360 1 1573 3
c361 0 1574 91
c362 1 1576 41
c363 0 1577 97
c364 1 1585 52
c365 0 1591 58
c366 1 1600 60
c367 1 1608 22
c368 0 1617 62
c369 0 1620 69
c370 1 1627 62
c371 1 1633 34
c372 1 1640 75
c373 0 1648 19
c374 1 1653 11
c375 1 1655 86
c376 0 1661 81
c377 0 1661 47
c378 0 1670 45
c379 0 1675 38
c380 0 1684 92
c381 0 1688 5
c382 0 1691 78
c383 1 1693 14
c384 0 1702 93
c385 1 1708 76
c386 0 1710 42
c387 0 1718 65
c388 0 1725 25
c389 1 1728 50
c390 0 1732 41
c391 1 1737 77
c392 1 1742 3
c393 1 1743 10
c394 1 1748 99
c395 0 1757 24
c396 0 1759 64
c397 1 1763 38
c398 1 1771 55
c399 0 1778 93
c400 0 1778 91
c401 0 1786 67
c402 0 1787 84
c403 1 1790 21
c404 1 1796 68
c405 0 1801 13
c406 0 1810 21
c407 0 1816 70
c408 1 1821 59
c409 0 1830 50
c410 0 1839 7
c411 0 1840 36
c412 0 1846 95
c413 0 1846 19
c414 1 1852 12
c415 1 1854 19
c416 0 1860 6
c417 1 1860 29
c418 0 1864 52
c419 1 1869 76
c420 0 1869 53
c421 0 1872 34
c422 1 1872 93
c423 1 1874 73
c424 1 1878 5
c425 0 1887 23
c426 0 1890 70
c427 1 1893 41
c428 1 1902 57
c429 1 1909 22
c430 1 1915 86
c431 1 1921 49
c432 0 1921 74
c433 0 1923 73
c434 0 1930 58
c435 1 1935 57
c436 0 1944 61
c437 1 1950 96
c438 0 1959 61
c439 0 1964 22
c440 1 1964 40
c441 0 1973 1
c442 0 1977 33
c443 0 1982 97
c444 0 1984 55
c445 0 1989 66
c446 0 1997 2
c447 1 2003 81
c448 0 2004 14
c449 1 2008 24
c450 0 2011 21
c451 1 2013 86
c452 0 2018 77
c453 1 2021 62
c454 0 2027 89
c455 1 2032 96
c456 0 2038 6
c457 0 2041 12
c458 1 2042 16
c459 1 2047 52
c460 1 2051 86
c461 1 2051 33
c462 0 2058 74
c463 0 2063 64
c464 0 2071 98
c465 1 2071 53
c466 1 2078 56
c467 0 2084 23
c468 0 2085 69
c469 1 2089 8
c470 1 2090 40
c471 0 2096 23
c472 0 2097 8
c473 1 2100 6
c474 0 2103 91
c475 1 2103 41
c476 0 2107 21
c477 1 2112 51
c478 0 2117 90
c479 0 2125 33
c480 0 2133 66
c481 1 2137 91
c482 0 2144 97
c483 0 2146 52
c484 1 2147 59
c485 0 2147 21
c486 0 2154 16
c487 0 2158 17
c488 0 2160 64
c489 1 2169 73
c490 1 2170 34
c491 0 2176 33
c492 0 2179 38
c493 0 2184 43
c494 1 2185 11
c495 0 2189 82
c496 1 2189 14
c497 1 2189 55
c498 1 2197 6
c499 0 2206 58
c500 1 2213 62
