c00 0 0 2
c01 1 8 42
c02 0 10 87
c03 0 10 1
c04 0 15 69
c05 0 22 75
c06 0 26 11
c07 1 26 17
c08 1 28 17
c09 1 31 22
c10 0 33 39
c11 0 38 48
c12 1 44 66
c13 0 51 22
c14 1 57 43
c15 0 66 88
c16 1 66 35
c17 0 69 85
c18 1 70 27
c19 0 78 86
c20 0 83 44
c21 1 87 78
c22 1 89 79
c23 1 97 6
c24 1 106 23
c25 0 112 69
c26 0 117 50
c27 0 119 61
c28 0 122 89
c29 0 122 86
c30 0 130 50
c31 0 135 16
c32 1 136 75
c33 0 141 40
c34 0 144 61
c35 0 144 4
c36 1 149 15
c37 0 153 79
c38 1 161 40
c39 0 169 12
c40 0 171 21
c41 1 179 83
c42 0 184 53
c43 0 190 76
c44 0 190 51
c45 0 199 96
c46 1 206 2
c47 1 208 34
c48 1 212 70
c49 1 218 39
c50 0 220 10
c51 1 227 78
c52 0 230 30
c53 0 232 84
c54 0 234 62
c55 1 239 20
c56 0 244 73
c57 1 245 27
c58 1 247 48
c59 1 248 92
c60 0 250 4
c61 0 255 27
c62 0 264 20
c63 0 265 41
c64 1 269 36
c65 0 274 64
c66 1 279 97
c67 0 283 15
c68 1 283 20
c69 0 288 89
c70 1 289 35
c71 0 298 66
c72 1 304 32
c73 0 307 53
c74 1 309 89
c75 0 317 16
c76 1 320 61
c77 0 328 9
c78 0 330 78
c79 1 339 48
c80 0 344 62
c81 1 353 38
c82 0 360 53
c83 1 368 61
c84 0 374 31
c85 0 380 63
c86 1 385 20
c87 1 388 1
c88 0 390 95
c89 0 395 58
c90 1 399 28
c91 1 400 48
c92 1 400 50
c93 1 409 21
c94 0 417 20
c95 0 425 83
c96 1 426 76
c97 0 434 56
c98 0 442 16
c99 0 449 94
c100 1 453 29
c101 0 460 95
c102 0 466 88
c103 0 475 46
c104 1 478 79
c105 0 482 41
c106 0 490 59
c107 1 491 98
c108 0 499 89
c109 0 499 48
c110 0 500 2
c111 0 501 68
c112 0 510 98
c113 0 515 16
c114 1 524 85
c115 0 531 13
c116 1 531 41
c117 0 531 38
c118 0 533 36
c119 1 542 29
c120 0 547 40
c121 0 554 79
c122 0 554 87
c123 1 560 75
c124 0 561 76
c125 1 563 15
c126 1 570 89
c127 0 571 95
c128 1 571 38
c129 0 571 18
c130 1 575 14
c131 1 577 65
c132 1 586 63
c133 0 586 80
c134 0 589 79
c135 1 590 18
c136 0 590 25
c137 1 591 85
c138 0 597 54
c139 1 599 42
c140 0 608 23
c141 1 615 69
c142 1 622 67
c143 0 626 10
c144 1 635 63
c145 0 635 85
c146 1 635 91
c147 1 640 45
c148 1 644 41
c149 1 653 6
c150 1 661 68
c151 0 667 90
c152 0 669 65
c153 0 674 48
c154 1 678 96
c155 0 681 90
c156 1 689 3
c157 1 689 61
c158 0 693 53
c159 0 694 40
c160 0 699 93
c161 0 705 15
c162 0 709 7
c163 0 712 72
c164 1 717 37
c165 0 718 51
c166 0 721 22
c167 0 728 22
c168 0 736 15
c169 0 736 30
c170 1 737 80
c171 1 741 93
c172 1 742 19
c173 0 748 65
c174 1 756 47
c175 0 758 90
c176 0 760 81
c177 1 764 48
c178 0 769 71
c179 0 774 85
c180 1 774 74
c181 1 774 14
c182 0 774 41
c183 1 775 2
c184 1 775 24
c185 1 781 97
c186 0 783 55
c187 0 788 7
c188 1 797 27
c189 0 798 37
c190 1 799 68
c191 0 800 20
c192 0 807 19
c193 0 810 62
c194 0 814 23
c195 0 821 58
c196 1 830 17
c197 1 832 43
c198 1 840 47
c199 1 844 35
c200 1 844 51
c201 0 846 60
c202 0 850 65
c203 1 858 12
c204 0 861 44
c205 0 864 32
c206 1 864 28
c207 1 873 83
c208 1 880 22
c209 1 883 79
c210 1 885 82
c211 0 888 28
c212 1 897 13
c213 1 901 78
c214 1 909 24
c215 0 916 67
c216 0 922 96
c217 0 926 15
c218 0 933 78
c219 0 933 21
c220 0 935 92
c221 0 943 80
c222 0 952 42
c223 0 958 60
c224 0 966 55
c225 0 973 82
c226 0 975 70
c227 0 975 12
c228 0 975 40
c229 1 981 11
c230 1 989 92
c231 1 998 49
c232 0 1007 20
c233 1 1016 95
c234 0 1025 48
c235 0 1030 19
c236 0 1037 74
c237 1 1039 50
c238 1 1048 5
c239 1 1051 39
c240 0 1060 81
c241 0 1065 61
c242 1 1069 20
c243 0 1074 88
c244 1 1076 62
c245 0 1081 27
c246 1 1083 25
c247 1 1090 73
c248 0 1094 71
c249 1 1102 36
c250 0 1103 50
c251 0 1111 26
c252 1 1112 43
c253 0 1118 38
c254 1 1123 21
c255 0 1132 52
c256 1 1136 66
c257 1 1145 31
c258 0 1147 44
c259 1 1149 1
c260 1 1149 32
c261 1 1149 4
c262 0 1153 71
c263 1 1159 14
c264 1 1166 27
c265 1 1168 82
c266 0 1168 42
c267 1 1172 52
c268 0 1172 31
c269 0 1173 3
c270 0 1179 76
c271 1 1180 97
c272 0 1180 95
c273 0 1189 15
c274 1 1189 62
c275 1 1189 89
c276 1 1191 94
c277 1 1194 84
c278 0 1200 18
c279 1 1204 77
c280 0 1205 67
c281 1 1214 30
c282 0 1219 13
c283 0 1220 7
c284 1 1225 67
c285 1 1234 48
c286 0 1239 68
c287 0 1242 43
c288 0 1242 99
c289 1 1244 89
c290 0 1247 62
c291 0 1251 76
c292 0 1252 38
c293 0 1258 40
c294 0 1264 5
c295 1 1268 55
c296 1 1270 29
c297 0 1275 74
c298 1 1281 74
c299 0 1289 81
c300 0 1290 56
c301 0 1298 61
c302 1 1305 70
c303 1 1308 68
c304 0 1308 70
c305 0 1316 11
c306 0 1317 20
c307 1 1326 73
c308 1 1331 32
c309 0 1336 82
c310 0 1341 40
c311 1 1343 21
c312 0 1352 97
c313 1 1352 89
c314 1 1352 93
c315 0 1357 23
c316 1 1365 6
c317 1 1372 53
c318 1 1380 48
c319 1 1383 50
c320 1 1390 27
c321 1 1398 45
c322 1 1398 74
c323 0 1399 35
c324 1 1404 22
c325 0 1404 36
c326 1 1412 72
c327 1 1416 73
c328 1 1418 94
c329 0 1427 17
c330 1 1434 8
c331 0 1437 10
c332 1 1444 33
c333 1 1450 34
c334 1 1450 65
c335 1 1452 58
c336 0 1456 42
c337 1 1458 38
c338 0 1465 16
c339 1 1469 8
c340 1 1474 86
c341 0 1478 98
c342 1 1485 77
c343 1 1493 33
c344 0 1500 98
c345 0 1500 69
c346 0 1507 52
c347 1 1509 7
c348 0 1509 65
c349 0 1512 57
c350 1 1512 15
c351 1 1517 10
c352 0 1525 48
c353 0 1528 51
c354 0 1532 11
c355 0 1538 33
c356 1 1541 61
c357 0 1550 22
c358 0 1558 87
c359 0 1561 14
c360 0 1561 2
c361 0 1564 74
c362 0 1568 33
c363 0 1568 54
c364 0 1576 59
c365 1 1581 92
c366 0 1584 65
c367 0 1585 41
c368 1 1585 74
c369 0 1592 54
c370 0 1595 73
c371 1 1601 51
c372 1 1606 19
c373 1 1611 70
c374 0 1619 4
c375 1 1625 30
c376 1 1630 92
c377 1 1634 87
c378 0 1638 56
c379 1 1639 93
c380 1 1645 68
c381 1 1653 34
c382 0 1658 44
c383 1 1660 52
c384 0 1663 66
c385 1 1669 87
c386 0 1677 35
c387 1 1680 58
c388 0 1685 41
c389 1 1689 66
c390 1 1692 90
c391 0 1696 78
c392 1 1703 56
c393 1 1712 95
c394 1 1720 11
c395 1 1720 84
c396 1 1721 61
c397 0 1725 27
c398 1 1730 50
c399 1 1738 6
c400 1 1744 13
c401 1 1744 5
c402 1 1753 64
c403 0 1761 79
c404 1 1764 3
c405 1 1773 84
c406 0 1775 85
c407 0 1777 39
c408 0 1785 69
c409 1 1792 99
c410 1 1795 2
c411 1 1800 41
c412 1 1807 78
c413 1 1810 8
c414 1 1811 61
c415 0 1818 62
c416 1 1823 89
c417 0 1831 26
c418 0 1833 26
c419 1 1842 45
c420 1 1847 37
c421 0 1856 75
c422 1 1864 3
c423 0 1866 37
c424 0 1867 62
c425 0 1872 75
c426 0 1872 89
c427 1 1875 93
c428 1 1876 28
c429 1 1878 14
c430 1 1882 86
c431 0 1884 54
c432 0 1890 91
c433 1 1894 40
c434 1 1902 50
c435 1 1910 92
c436 0 1917 87
c437 0 1925 99
c438 1 1926 9
c439 1 1934 32
c440 0 1934 29
c441 0 1941 70
c442 1 1950 80
c443 0 1956 74
c444 1 1964 91
c445 1 1971 4
c446 1 1974 35
c447 1 1974 19
c448 1 1979 8
c449 0 1983 57
c450 1 1984 78
c451 1 1984 28
c452 1 1985 15
c453 1 1985 66
c454 0 1991 27
c455 1 2000 82
c456 0 2007 83
c457 0 2015 82
c458 0 2017 82
c459 1 2021 53
c460 0 2026 38
c461 1 2035 37
c462 1 2037 92
c463 1 2044 50
c464 0 2053 66
c465 0 2062 17
c466 0 2062 59
c467 1 2067 99
c468 1 2068 24
c469 1 2072 68
c470 1 2073 79
c471 0 2075 90
c472 0 2077 78
c473 0 2082 21
c474 1 2090 14
c475 0 2091 30
c476 1 2094 33
c477 0 2095 90
c478 0 2095 90
c479 0 2102 20
c480 1 2110 39
c481 0 2116 99
c482 1 2125 4
c483 0 2133 92
c484 1 2136 69
c485 1 2140 39
c486 1 2146 18
c487 0 2151 22
c488 0 2156 23
c489 1 2162 69
c490 1 2167 35
c491 1 2174 3
c492 0 2176 76
c493 1 2184 35
c494 0 2186 90
c495 1 2194 60
c496 0 2198 14
c497 1 2206 35
c498 1 2214 98
c499 1 2221 55
c500 0 2222 39
