c00 1 0 73
c01 1 3 19
c02 1 11 2
c03 0 18 71
c04 1 24 5
c05 0 28 55
c06 0 33 81
c07 1 33 67
c08 1 40 69
c09 1 46 40
c10 0 54 27
c11 0 58 41
c12 0 63 50
c13 0 70 42
c14 1 75 16
c15 1 75 59
c16 0 76 65
c17 0 80 62
c18 1 86 92
c19 1 91 92
c20 1 98 99
c21 0 106 37
c22 0 115 21
c23 1 120 71
c24 0 120 55
c25 1 128 46
c26 0 134 66
c27 0 141 86
c28 1 143 95
c29 1 149 16
c30 0 156 41
c31 0 160 5
c32 0 169 82
c33 0 173 85
c34 1 173 30
c35 0 177 66
c36 0 184 95
c37 0 184 2
c38 1 184 8
c39 1 187 6
c40 1 191 25
c41 1 199 9
c42 1 205 74
c43 1 213 91
c44 0 213 75
c45 1 221 33
c46 1 225 63
c47 0 225 74
c48 0 228 82
c49 1 228 15
c50 0 236 34
c51 1 244 3
c52 1 248 59
c53 0 255 93
c54 1 264 87
c55 0 265 71
c56 1 269 22
c57 0 272 34
c58 0 274 86
c59 1 280 66
c60 0 288 43
c61 1 293 90
c62 1 297 47
c63 1 302 55
c64 1 309 25
c65 1 317 61
c66 1 322 98
c67 1 324 70
c68 1 327 46
c69 1 336 66
c70 1 344 55
c71 1 353 5
c72 1 353 98
c73 1 361 65
c74 1 362 23
c75 1 371 2
c76 1 374 52
c77 0 379 20
c78 0 384 2
c79 1 391 22
c80 0 394 18
c81 1 400 65
c82 0 407 34
c83 0 409 31
c84 0 415 48
c85 1 415 6
c86 0 421 20
c87 0 427 51
c88 0 430 15
c89 1 439 32
c90 1 447 10
c91 0 450 22
c92 0 454 80
c93 0 460 83
c94 1 461 14
c95 0 463 85
c96 0 465 4
c97 0 467 4
c98 1 470 80
c99 1 476 17
c100 0 485 62
c101 1 488 40
c102 0 489 91
c103 0 492 11
c104 1 493 71
c105 1 498 26
c106 0 499 63
c107 0 501 51
c108 1 506 96
c109 0 509 87
c110 0 513 19
c111 1 522 66
c112 1 523 1
c113 1 528 21
c114 0 536 75
c115 1 543 79
c116 0 548 53
c117 0 548 18
c118 0 552 81
c119 1 557 49
c120 1 565 34
c121 1 568 41
c122 0 572 28
c123 0 576 36
c124 1 584 49
c125 0 586 37
c126 0 592 15
c127 0 597 90
c128 1 601 73
c129 0 605 19
c130 0 612 13
c131 0 612 74
c132 1 618 48
c133 1 626 73
c134 0 630 79
c135 1 637 8
c136 1 639 51
c137 1 639 30
c138 1 640 86
c139 0 646 39
c140 1 654 51
c141 1 662 63
c142 0 663 84
c143 0 669 36
c144 0 669 13
c145 1 677 34
c146 0 683 28
c147 0 689 29
c148 0 698 82
c149 1 701 30
c150 0 705 65
c151 1 709 84
c152 0 712 92
c153 1 719 60
c154 0 719 16
c155 1 722 29
c156 0 728 35
c157 0 733 25
c158 0 740 77
c159 1 747 37
c160 0 753 13
c161 0 758 8
c162 1 759 67
c163 0 761 85
c164 0 767 69
c165 1 772 3
c166 0 774 90
c167 0 774 97
c168 1 774 99
c169 0 779 35
c170 1 787 53
c171 0 792 80
c172 0 795 36
c173 1 795 50
c174 0 796 10
c175 0 802 81
c176 0 810 13
c177 0 817 17
c178 0 822 99
c179 0 829 61
c180 1 834 56
c181 1 837 77
c182 0 839 13
c183 1 840 5
c184 1 840 42
c185 0 844 35
c186 1 853 11
c187 1 856 91
c188 0 864 69
c189 1 866 15
c190 0 875 76
c191 0 876 7
c192 1 880 3
c193 1 888 7
c194 0 891 19
c195 0 895 32
c196 1 902 42
c197 1 904 11
c198 1 913 94
c199 0 916 70
c200 0 921 22
c201 1 928 16
c202 0 936 59
c203 0 942 38
c204 1 943 40
c205 1 952 84
c206 1 953 39
c207 0 955 88
c208 0 960 23
c209 0 966 55
c210 1 973 72
c211 0 978 84
c212 0 981 33
c213 1 990 35
c214 0 997 3
c215 0 997 41
c216 0 1003 18
c217 0 1012 90
c218 0 1017 92
c219 0 1025 88
c220 1 1026 3
c221 1 1031 61
c222 1 1036 9
c223 1 1042 11
c224 1 1043 83
c225 1 1047 52
c226 1 1055 85
c227 0 1064 55
c228 0 1068 21
c229 0 1072 38
c230 0 1077 33
c231 1 1081 94
c232 0 1082 79
c233 1 1087 72
c234 0 1090 84
c235 1 1095 70
c236 0 1097 48
c237 1 1104 16
c238 0 1109 79
c239 1 1113 53
c240 0 1120 45
c241 0 1127 30
c242 0 1130 1
c243 1 1137 21
c244 0 1141 61
c245 0 1149 76
c246 0 1155 89
c247 0 1155 23
c248 1 1164 34
c249 1 1164 93
c250 1 1168 70
c251 0 1171 72
c252 0 1179 68
c253 1 1187 4
c254 1 1190 44
c255 0 1197 83
c256 0 1203 51
c257 1 1207 40
c258 1 1214 62
c259 0 1214 78
c260 1 1217 47
c261 1 1221 32
c262 0 1227 65
c263 1 1230 22
c264 1 1237 11
c265 1 1244 7
c266 0 1253 94
c267 1 1260 56
c268 0 1261 13
c269 0 1270 26
c270 1 1275 96
c271 0 1277 59
c272 0 1284 54
c273 1 1284 64
c274 0 1286 95
c275 0 1290 93
c276 1 1290 70
c277 0 1299 82
c278 0 1303 98
c279 1 1307 95
c280 0 1315 73
c281 0 1321 25
c282 1 1329 72
c283 0 1333 80
c284 0 1337 24
c285 0 1345 20
c286 0 1351 29
c287 0 1352 90
c288 1 1360 64
c289 1 1365 94
c290 0 1366 70
c291 1 1369 22
c292 1 1375 86
c293 0 1381 84
c294 0 1384 62
c295 0 1386 74
c296 1 1392 21
c297 0 1392 93
c298 1 1396 94
c299 1 1399 60
c300 0 1401 38
c301 0 1409 57
c302 0 1416 55
c303 1 1425 40
c304 0 1426 85
c305 0 1431 96
c306 1 1440 20
c307 1 1445 81
c308 1 1446 21
c309 0 1454 28
c310 0 1455 67
c311 0 1462 75
c312 0 1462 91
c313 0 1470 22
c314 0 1474 62
c315 0 1474 74
c316 1 1479 32
c317 1 1487 62
c318 0 1489 26
c319 0 1493 84
c320 1 1501 80
c321 0 1501 47
c322 0 1505 70
c323 0 1505 60
c324 1 1509 28
c325 0 1518 83
c326 0 1519 78
c327 0 1519 85
c328 1 1522 66
c329 0 1527 56
c330 1 1535 17
c331 0 1537 25
c332 0 1540 34
c333 0 1545 88
c334 0 1549 87
c335 0 1551 86
c336 0 1557 91
c337 1 1561 26
c338 1 1567 47
c339 1 1571 38
c340 1 1580 74
c341 0 1582 26
c342 0 1589 66
c343 0 1595 97
c344 1 1595 33
c345 0 1599 58
c346 1 1607 24
c347 1 1612 84
c348 0 1618 81
c349 0 1620 99
c350 0 1621 45
c351 0 1621 97
c352 0 1630 75
c353 1 1635 56
c354 0 1637 18
c355 1 1643 36
c356 1 1645 43
c357 1 1652 97
c358 0 1652 42
c359 1 1652 27
c360 1 1653 96
c361 1 1661 16
c362 0 1666 1
c363 0 1674 30
c364 0 1683 95
c365 1 1685 58
c366 1 1692 91
c367 0 1695 16
c368 0 1698 71
c369 0 1700 45
c370 0 1702 97
c371 1 1711 83
c372 1 1713 75
c373 0 1716 80
c374 0 1718 54
c375 1 1723 61
c376 0 1723 6
c377 1 1731 71
c378 0 1734 87
c379 0 1734 19
c380 1 1737 60
c381 0 1743 88
c382 0 1752 91
c383 1 1757 27
c384 1 1758 13
c385 0 1765 97
c386 0 1770 18
c387 0 1773 4
c388 1 1778 92
c389 0 1783 40
c390 0 1787 1
c391 1 1795 48
c392 1 1795 63
c393 0 1795 49
c394 1 1803 4
c395 0 1808 95
c396 1 1813 10
c397 0 1817 40
c398 1 1820 80
c399 1 1822 87
c400 0 1822 3
c401 1 1824 23
c402 1 1830 82
c403 1 1836 81
c404 1 1843 49
c405 0 1848 14
c406 0 1852 66
c407 0 1859 97
c408 1 1865 55
c409 0 1874 91
c410 0 1877 4
c411 1 1878 52
c412 1 1887 4
c413 1 1894 28
c414 0 1902 93
c415 1 1911 72
c416 0 1920 92
c417 1 1920 78
c418 1 1927 74
c419 1 1933 25
c420 1 1937 78
c421 0 1937 62
c422 1 1942 47
c423 0 1942 99
c424 1 1942 81
c425 0 1951 78
c426 1 1954 95
c427 0 1962 18
c428 0 1968 68
c429 1 1974 59
c430 0 1983 87
c431 1 1984 88
c432 1 1990 47
c433 0 1996 88
c434 0 2003 52
c435 1 2009 9
c436 1 2016 85
c437 0 2023 82
c438 0 2025 80
c439 0 2026 59
c440 0 2029 62
c441 1 2032 53
c442 1 2036 83
c443 0 2043 34
c444 1 2049 87
c445 0 2050 46
c446 0 2056 57
c447 1 2065 36
c448 1 2065 83
c449 1 2072 72
c450 0 2081 27
c451 1 2087 7
c452 0 2092 41
c453 1 2095 71
c454 0 2104 96
c455 1 2111 18
c456 1 2115 25
c457 0 2115 41
c458 1 2117 72
c459 1 2118 5
c460 0 2120 24
c461 1 2123 36
c462 1 2124 55
c463 1 2127 77
c464 0 2133 38
c465 0 2134 44
c466 0 2142 95
c467 1 2144 95
c468 1 2149 81
c469 0 2155 14
c470 0 2158 38
c471 1 2166 79
c472 0 2170 92
c473 1 2179 55
c474 0 2184 66
c475 1 2191 93
c476 1 2199 63
c477 0 2201 77
c478 0 2206 20
c479 0 2212 64
c480 0 2214 50
c481 0 2220 52
c482 0 2224 81
c483 0 2233 27
c484 0 2237 23
c485 0 2240 27
c486 0 2248 60
c487 0 2254 9
c488 1 2258 84
c489 0 2263 11
c490 0 2267 90
c491 0 2273 59
c492 1 2276 82
c493 0 2285 33
c494 1 2292 82
c495 1 2297 76
c496 1 2301 2
c497 1 2308 53
c498 1 2315 10
c499 0 2321 41
c500 1 2330 23
