c00 0 0 66
c01 1 9 14
c02 1 11 7
c03 1 14 83
c04 1 14 96
c05 0 17 90
c06 0 19 48
c07 0 26 52
c08 1 32 88
c09 1 37 56
c10 1 37 5
c11 0 43 49
c12 0 50 6
c13 1 55 52
c14 0 56 94
c15 1 64 73
c16 1 69 40
c17 0 71 65
c18 1 79 85
c19 1 86 27
c20 1 86 81
c21 1 90 14
c22 1 90 90
c23 1 99 19
c24 0 103 55
c25 0 108 50
c26 1 117 78
c27 0 123 31
c28 1 124 25
c29 1 129 82
c30 1 130 62
c31 0 134 41
c32 0 142 50
c33 1 148 55
c34 0 151 62
c35 1 152 49
c36 1 159 83
c37 1 159 90
c38 1 168 72
c39 1 175 92
c40 0 176 6
c41 0 184 82
c42 1 184 42
c43 1 193 60
c44 1 196 13
c45 0 205 59
c46 0 212 99
c47 1 221 3
c48 1 229 5
c49 0 237 74
c50 1 239 51
c51 0 241 68
c52 1 244 68
c53 1 251 17
c54 1 255 82
c55 1 259 6
c56 0 266 45
c57 0 273 16
c58 0 273 68
c59 0 278 68
c60 0 282 5
c61 1 285 24
c62 0 293 44
c63 1 300 27
c64 0 304 74
c65 1 311 64
c66 0 319 29
c67 1 327 57
c68 0 334 70
c69 0 342 62
c70 0 346 64
c71 0 351 45
c72 0 358 87
c73 1 366 10
c74 0 370 87
c75 1 374 64
c76 0 377 61
c77 1 381 97
c78 0 385 86
c79 1 391 7
c80 1 395 26
c81 0 397 11
c82 0 400 29
c83 1 403 40
c84 0 410 37
c85 0 418 93
c86 0 422 60
c87 0 431 98
c88 1 434 88
c89 1 435 50
c90 1 435 81
c91 0 441 79
c92 0 444 33
c93 1 446 44
c94 0 455 75
c95 1 459 66
c96 0 465 43
c97 1 468 31
c98 1 476 51
c99 1 484 62
c100 1 485 93
c101 0 485 1
c102 1 494 59
c103 0 494 32
c104 0 502 55
c105 1 504 89
c106 0 512 83
c107 1 521 27
c108 0 522 25
c109 1 526 68
c110 1 531 62
c111 0 535 59
c112 1 536 85
c113 0 538 73
c114 1 538 21
c115 1 542 54
c116 0 548 94
c117 0 553 20
c118 0 555 44
c119 0 563 94
c120 0 564 26
c121 1 566 83
c122 1 570 37
c123 1 572 53
c124 0 572 77
c125 1 572 73
c126 1 575 48
c127 0 579 58
c128 1 580 56
c129 0 589 97
c130 0 593 60
c131 0 601 54
c132 1 608 40
c133 0 611 19
c134 1 618 62
c135 1 626 73
c136 1 632 26
c137 1 641 54
c138 1 647 66
c139 0 652 9
c140 1 658 85
c141 0 658 78
c142 0 662 88
c143 1 669 48
c144 1 676 32
c145 1 685 99
c146 0 691 37
c147 1 691 86
c148 1 700 57
c149 1 707 3
c150 0 710 70
c151 0 711 44
c152 1 719 23
c153 0 728 32
c154 1 736 92
c155 1 741 10
c156 1 748 51
c157 0 757 93
c158 0 758 6
c159 0 762 58
c160 1 771 15
c161 0 774 9
c162 0 779 52
c163 0 779 83
c164 1 784 49
c165 0 788 37
c166 1 792 56
c167 1 799 40
c168 0 804 37
c169 0 806 4
c170 1 809 2
c171 1 812 91
c172 0 814 35
c173 0 823 99
c174 0 826 20
c175 1 826 61
c176 0 833 46
c177 0 838 94
c178 1 843 8
c179 1 846 14
c180 1 848 11
c181 1 850 97
c182 0 855 57
c183 0 863 86
c184 1 869 7
c185 0 870 65
c186 0 870 78
c187 0 876 98
c188 0 880 10
c189 1 887 36
c190 0 896 66
c191 1 904 13
c192 1 913 58
c193 0 918 69
c194 0 927 38
c195 0 936 84
c196 1 939 70
c197 0 948 75
c198 1 955 56
c199 1 964 85
c200 0 972 95
c201 0 978 41
c202 0 986 14
c203 0 995 59
c204 1 999 71
c205 1 1002 50
c206 0 1005 96
c207 0 1009 45
c208 0 1013 82
c209 1 1021 52
c210 0 1024 60
c211 0 1031 74
c212 1 1037 18
c213 0 1038 10
c214 0 1047 86
c215 1 1048 77
c216 0 1051 6
c217 1 1056 76
c218 0 1057 47
c219 1 1064 1
c220 1 1073 44
c221 1 1073 97
c222 0 1077 58
c223 1 1079 37
c224 0 1087 37
c225 0 1092 7
c226 1 1094 70
c227 0 1095 76
c228 0 1104 18
c229 0 1109 19
c230 0 1116 55
c231 0 1118 73
c232 1 1124 99
c233 1 1130 79
c234 0 1134 73
c235 0 1136 18
c236 1 1142 67
c237 0 1147 57
c238 0 1156 79
c239 1 1160 45
c240 0 1167 15
c241 0 1170 59
c242 0 1170 42
c243 0 1174 37
c244 0 1175 2
c245 1 1180 80
c246 1 1185 65
c247 0 1187 9
c248 1 1189 9
c249 0 1194 49
c250 0 1202 38
c251 0 1211 67
c252 0 1218 81
c253 1 1221 15
c254 0 1229 87
c255 0 1233 47
c256 1 1239 66
c257 1 1244 29
c258 1 1251 57
c259 0 1257 97
c260 1 1262 80
c261 1 1266 72
c262 0 1271 16
c263 1 1276 63
c264 1 1285 71
c265 0 1293 10
c266 1 1296 71
c267 0 1305 73
c268 0 1308 37
c269 0 1312 39
c270 1 1319 46
c271 0 1320 17
c272 0 1326 47
c273 0 1333 58
c274 0 1341 35
c275 0 1343 2
c276 1 1344 69
c277 1 1346 31
c278 1 1355 42
c279 0 1364 92
c280 1 1365 90
c281 0 1366 80
c282 1 1366 65
c283 0 1375 94
c284 0 1376 21
c285 1 1385 70
c286 1 1392 73
c287 0 1399 28
c288 1 1408 64
c289 1 1414 94
c290 0 1420 12
c291 1 1421 42
c292 0 1430 63
c293 1 1430 90
c294 0 1430 99
c295 1 1432 90
c296 1 1440 19
c297 0 1445 91
c298 1 1454 9
c299 0 1462 23
c300 0 1471 11
c301 0 1475 59
c302 0 1477 29
c303 1 1482 69
c304 0 1485 23
c305 0 1490 81
c306 1 1497 66
c307 1 1504 4
c308 1 1508 83
c309 1 1517 62
c310 1 1517 55
c311 1 1524 7
c312 1 1525 15
c313 0 1530 91
c314 1 1535 24
c315 1 1543 55
c316 0 1547 60
c317 0 1556 78
c318 0 1565 2
c319 0 1566 47
c320 0 1568 31
c321 0 1573 24
c322 1 1576 30
c323 1 1579 20
c324 1 1587 91
c325 1 1590 25
c326 1 1597 93
c327 1 1603 33
c328 1 1607 95
c329 1 1610 15
c330 0 1612 82
c331 0 1613 20
c332 0 1621 56
c333 0 1628 68
c334 1 1635 62
c335 1 1640 36
c336 1 1649 58
c337 1 1652 46
c338 0 1653 82
c339 1 1659 40
c340 1 1659 63
c341 0 1665 27
c342 0 1667 49
c343 0 1667 64
c344 1 1667 44
c345 0 1667 69
c346 0 1674 57
c347 0 1678 68
c348 0 1684 18
c349 1 1684 24
c350 0 1689 22
c351 0 1690 6
c352 0 1692 78
c353 1 1696 56
c354 1 1703 43
c355 0 1705 28
c356 1 1709 60
c357 1 1716 45
c358 1 1720 41
c359 1 1720 29
c360 0 1729 16
c361 0 1731 15
c362 1 1740 1
c363 0 1741 66
c364 0 1750 12
c365 0 1755 46
c366 1 1759 87
c367 0 1768 98
c368 0 1769 25
c369 0 1769 54
c370 0 1777 97
c371 0 1781 79
c372 0 1786 97
c373 0 1792 77
c374 1 1801 38
c375 1 1805 47
c376 1 1811 78
c377 0 1813 32
c378 1 1816 66
c379 1 1824 42
c380 0 1824 70
c381 0 1829 62
c382 1 1835 94
c383 1 1839 21
c384 1 1847 56
c385 0 1848 88
c386 0 1854 28
c387 1 1855 10
c388 1 1859 86
c389 1 1865 40
c390 1 1871 79
c391 0 1871 27
c392 1 1880 22
c393 0 1889 53
c394 1 1892 89
c395 0 1895 25
c396 1 1896 40
c397 1 1900 2
c398 0 1908 39
c399 1 1909 24
c400 1 1916 11
c401 1 1921 86
c402 1 1925 11
c403 0 1925 85
c404 1 1929 42
c405 0 1935 55
c406 0 1939 98
c407 0 1947 87
c408 0 1947 40
c409 0 1949 76
c410 0 1957 64
c411 1 1964 79
c412 0 1969 14
c413 1 1970 20
c414 0 1975 93
c415 1 1975 7
c416 0 1984 24
c417 1 1993 48
c418 1 1998 13
c419 0 1998 91
c420 0 2005 55
c421 0 2008 42
c422 1 2014 86
c423 1 2019 35
c424 0 2027 67
c425 1 2032 51
c426 0 2035 18
c427 0 2040 17
c428 0 2045 46
c429 1 2052 28
c430 1 2060 92
c431 0 2063 41
c432 1 2067 55
c433 0 2070 98
c434 0 2077 3
c435 0 2081 68
c436 1 2088 38
c437 0 2095 76
c438 1 2103 44
c439 1 2108 42
c440 1 2110 27
c441 0 2117 25
c442 0 2119 93
c443 1 2119 36
c444 1 2124 97
c445 1 2133 19
c446 0 2137 54
c447 0 2137 41
c448 0 2137 47
c449 0 2140 84
c450 0 2142 53
c451 0 2145 8
c452 0 2154 84
c453 1 2159 76
c454 0 2168 91
c455 1 2175 4
c456 0 2175 63
c457 1 2183 98
c458 1 2188 25
c459 0 2190 81
c460 1 2193 95
c461 0 2195 57
c462 0 2201 28
c463 0 2207 50
c464 1 2207 29
c465 1 2216 73
c466 0 2225 22
c467 1 2225 67
c468 1 2229 18
c469 1 2230 8
c470 1 2230 6
c471 0 2237 33
c472 0 2246 98
c473 1 2247 34
c474 0 2253 20
c475 1 2261 77
c476 0 2261 40
c477 0 2265 18
c478 0 2271 25
c479 1 2280 22
c480 1 2286 48
c481 1 2286 50
c482 0 2287 40
c483 1 2287 42
c484 0 2293 80
c485 0 2297 85
c486 1 2306 25
c487 1 2307 68
c488 1 2316 29
c489 1 2323 52
c490 1 2324 24
c491 0 2325 48
c492 0 2331 8
c493 1 2333 27
c494 1 2342 74
c495 0 2345 30
c496 1 2348 77
c497 1 2348 4
c498 1 2348 79
c499 1 2357 65
c500 0 2358 96
