c00 0 0 45
c01 0 4 21
c02 0 9 99
c03 0 10 61
c04 1 18 71
c05 1 26 1
c06 0 33 54
c07 0 42 93
c08 0 46 62
c09 0 51 92
c10 1 58 32
c11 1 63 95
c12 0 65 16
c13 0 72 17
c14 0 74 14
c15 0 82 46
c16 0 89 49
c17 0 89 59
c18 0 90 58
c19 1 94 88
c20 0 94 32
c21 0 94 19
c22 0 101 34
c23 1 110 9
c24 1 111 78
c25 1 111 93
c26 0 113 60
c27 1 116 45
c28 0 124 86
c29 1 126 39
c30 1 133 9
c31 0 140 85
c32 0 147 16
c33 1 154 61
c34 1 160 2
c35 1 162 85
c36 0 168 86
c37 1 176 2
c38 1 180 56
c39 1 189 11
c40 0 190 50
c41 1 193 21
c42 1 199 33
c43 0 202 3
c44 0 205 83
c45 0 206 19
c46 1 207 97
c47 0 211 14
c48 1 212 42
c49 1 212 46
c50 1 213 26
c51 1 221 11
c52 1 226 52
c53 1 230 7
c54 1 237 47
c55 0 238 6
c56 1 245 82
c57 1 248 8
c58 0 256 91
c59 1 256 77
c60 0 261 13
c61 0 267 59
c62 1 273 22
c63 0 280 79
c64 1 289 15
c65 1 296 7
c66 0 304 79
c67 0 311 38
c68 0 318 71
c69 1 318 28
c70 0 327 31
c71 0 328 22
c72 0 336 31
c73 0 341 3
c74 0 342 38
c75 0 350 99
c76 1 353 14
c77 1 362 84
c78 0 371 94
c79 0 372 2
c80 0 375 30
c81 1 377 58
c82 0 386 54
c83 1 393 11
c84 1 396 61
c85 1 401 97
c86 1 401 56
c87 1 403 71
c88 1 409 43
c89 1 414 85
c90 1 417 89
c91 1 423 44
c92 0 430 94
c93 0 439 84
c94 1 442 3
c95 0 443 26
c96 1 448 68
c97 0 457 59
c98 1 463 38
c99 0 471 68
c100 0 480 7
c101 0 488 54
c102 0 493 23
c103 1 500 19
c104 0 503 60
c105 0 503 40
c106 1 503 8
c107 0 510 72
c108 0 515 42
c109 1 523 44
c110 0 532 13
c111 1 540 55
c112 0 545 28
c113 0 553 67
c114 0 554 21
c115 0 558 99
c116 0 558 9
c117 1 563 10
c118 1 568 91
c119 1 574 80
c120 1 583 11
c121 0 583 55
c122 0 588 86
c123 1 593 2
c124 1 602 82
c125 0 608 79
c126 0 610 42
c127 0 615 12
c128 1 617 28
c129 0 625 94
c130 0 630 44
c131 0 634 47
c132 0 636 42
c133 1 638 45
c134 0 644 77
c135 0 648 12
c136 1 654 41
c137 0 660 58
c138 0 665 26
c139 0 666 8
c140 0 671 14
c141 1 674 89
c142 0 682 32
c143 1 682 38
c144 1 688 50
c145 1 693 39
c146 1 695 18
c147 1 700 81
c148 0 702 87
c149 0 702 52
c150 1 704 2
c151 1 705 47
c152 0 708 90
c153 1 711 65
c154 1 717 56
c155 1 721 87
c156 0 728 16
c157 0 734 80
c158 1 743 80
c159 0 750 99
c160 1 759 56
c161 1 767 83
c162 1 775 59
c163 0 781 11
c164 0 786 23
c165 1 795 64
c166 1 798 35
c167 1 807 7
c168 1 807 93
c169 0 814 67
c170 0 814 59
c171 1 817 39
c172 0 821 8
c173 0 821 31
c174 0 825 38
c175 1 830 92
c176 0 830 71
c177 1 835 32
c178 1 841 24
c179 0 847 87
c180 0 850 82
c181 0 859 91
c182 0 861 61
c183 0 865 25
c184 1 866 73
c185 1 867 51
c186 0 872 26
c187 0 879 19
c188 1 887 31
c189 0 888 6
c190 0 897 60
c191 0 897 95
c192 0 905 27
c193 1 913 37
c194 0 917 89
c195 1 919 14
c196 0 925 26
c197 0 931 41
c198 1 931 4
c199 1 935 30
c200 0 935 75
c201 1 942 34
c202 0 948 26
c203 1 953 82
c204 1 954 74
c205 0 962 41
c206 1 967 68
c207 0 967 10
c208 1 971 45
c209 0 978 94
c210 0 980 40
c211 0 982 89
c212 1 984 85
c213 0 992 37
c214 0 997 92
c215 1 998 74
c216 1 1004 25
c217 1 1004 75
c218 0 1004 48
c219 1 1011 55
c220 1 1011 40
c221 1 1018 80
c222 0 1021 33
c223 0 1030 46
c224 1 1031 92
c225 1 1039 62
c226 1 1044 38
c227 1 1053 3
c228 1 1057 93
c229 0 1065 61
c230 0 1069 35
c231 1 1077 39
c232 0 1077 96
c233 0 1079 37
c234 0 1086 61
c235 1 1095 13
c236 1 1101 54
c237 1 1106 48
c238 1 1113 5
c239 0 1120 2
c240 1 1124 13
c241 1 1132 82
c242 0 1134 24
c243 1 1139 6
c244 1 1145 23
c245 0 1147 55
c246 1 1148 97
c247 0 1155 69
c248 1 1163 93
c249 1 1167 62
c250 0 1174 30
c251 1 1182 70
c252 1 1189 92
c253 1 1191 55
c254 0 1193 10
c255 1 1195 28
c256 0 1199 27
c257 0 1206 15
c258 1 1212 65
c259 0 1215 18
c260 0 1216 91
c261 1 1218 43
c262 0 1219 51
c263 1 1222 20
c264 0 1225 61
c265 0 1231 25
c266 0 1231 88
c267 1 1237 26
c268 1 1241 52
c269 1 1243 28
c270 0 1244 64
c271 0 1251 64
c272 1 1260 76
c273 1 1266 76
c274 0 1267 35
c275 1 1271 94
c276 1 1272 23
c277 0 1281 18
c278 0 1285 33
c279 1 1292 72
c280 1 1296 10
c281 1 1297 47
c282 1 1302 57
c283 0 1305 8
c284 0 1307 21
c285 1 1309 43
c286 0 1310 44
c287 0 1313 51
c288 0 1318 90
c289 1 1326 66
c290 0 1326 6
c291 0 1326 91
c292 1 1330 41
c293 0 1339 15
c294 0 1340 23
c295 0 1340 92
c296 0 1346 47
c297 0 1350 6
c298 0 1352 64
c299 1 1357 92
c300 0 1365 97
c301 1 1369 78
c302 0 1378 33
c303 0 1387 1
c304 0 1389 29
c305 0 1394 17
c306 0 1394 51
c307 0 1395 95
c308 0 1401 97
c309 1 1410 54
c310 0 1417 63
c311 1 1421 47
c312 0 1423 26
c313 0 1430 30
c314 1 1431 57
c315 0 1436 52
c316 1 1442 78
c317 0 1449 49
c318 1 1450 50
c319 0 1458 2
c320 1 1458 4
c321 1 1462 25
c322 1 1469 78
c323 0 1475 92
c324 0 1481 70
c325 0 1488 77
c326 1 1493 61
c327 1 1498 13
c328 0 1507 16
c329 1 1508 66
c330 0 1516 86
c331 1 1518 31
c332 1 1521 31
c333 0 1521 62
c334 1 1523 64
c335 0 1527 65
c336 1 1532 50
c337 0 1534 70
c338 0 1541 18
c339 0 1544 63
c340 0 1552 29
c341 0 1552 23
c342 0 1556 19
c343 0 1558 82
c344 1 1558 52
c345 1 1564 57
c346 1 1573 99
c347 1 1582 15
c348 0 1585 96
c349 1 1587 48
c350 1 1594 64
c351 1 1601 61
c352 0 1610 17
c353 1 1615 93
c354 0 1619 77
c355 1 1625 12
c356 0 1629 96
c357 1 1629 55
c358 0 1633 63
c359 1 1642 62
c360 1 1649 34
c361 1 1657 44
c362 0 1662 83
c363 1 1664 61
c364 0 1668 70
c365 1 1671 42
c366 0 1673 48
c367 0 1673 16
c368 1 1675 21
c369 1 1679 49
c370 1 1679 68
c371 0 1684 34
c372 1 1686 61
c373 0 1688 32
c374 1 1697 13
c375 1 1699 6
c376 0 1699 4
c377 0 1705 65
c378 0 1705 91
c379 1 1711 29
c380 1 1712 34
c381 0 1714 6
c382 1 1722 34
c383 0 1723 7
c384 0 1727 22
c385 1 1728 14
c386 0 1728 17
c387 0 1728 4
c388 0 1737 74
c389 1 1737 39
c390 0 1746 66
c391 1 1750 8
c392 1 1757 38
c393 0 1762 70
c394 0 1762 75
c395 0 1769 32
c396 1 1775 57
c397 0 1776 55
c398 1 1776 97
c399 1 1776 61
c400 1 1785 97
c401 1 1790 52
c402 1 1793 25
c403 1 1797 7
c404 0 1804 73
c405 0 1809 60
c406 0 1811 47
c407 1 1812 35
c408 1 1814 67
c409 0 1814 79
c410 0 1816 11
c411 1 1825 3
c412 1 1832 62
c413 1 1832 75
c414 1 1832 84
c415 0 1834 56
c416 1 1840 91
c417 0 1844 72
c418 1 1850 58
c419 1 1854 99
c420 1 1857 29
c421 0 1866 99
c422 1 1873 60
c423 1 1877 19
c424 0 1877 11
c425 1 1877 41
c426 0 1879 27
c427 0 1883 12
c428 1 1891 94
c429 1 1894 3
c430 1 1899 39
c431 1 1906 48
c432 1 1914 46
c433 1 1920 92
c434 0 1925 42
c435 1 1927 69
c436 1 1933 24
c437 0 1938 34
c438 1 1946 38
c439 1 1950 53
c440 0 1955 4
c441 0 1955 36
c442 1 1957 99
c443 1 1958 47
c444 0 1961 23
c445 1 1966 63
c446 0 1967 89
c447 0 1976 25
c448 1 1981 79
c449 1 1981 51
c450 0 1987 85
c451 1 1989 21
c452 1 1997 73
c453 1 1998 34
c454 1 1998 78
c455 0 1998 6
c456 0 2007 81
c457 0 2013 97
c458 0 2018 98
c459 0 2018 6
c460 0 2022 94
c461 1 2026 81
c462 1 2030 94
c463 0 2032 98
c464 0 2040 99
c465 1 2048 86
c466 1 2054 23
c467 1 2059 54
c468 1 2061 44
c469 1 2070 27
c470 1 2072 44
c471 1 2079 51
c472 0 2081 78
c473 1 2085 58
c474 1 2086 56
c475 0 2094 57
c476 1 2095 86
c477 1 2096 25
c478 1 2100 30
c479 0 2105 21
c480 0 2106 79
c481 0 2110 11
c482 1 2114 35
c483 0 2122 9
c484 1 2123 67
c485 1 2131 30
c486 1 2135 12
c487 0 2144 52
c488 0 2152 43
c489 0 2155 61
c490 0 2160 45
c491 1 2163 85
c492 1 2171 92
c493 1 2174 76
c494 1 2181 7
c495 0 2187 34
c496 1 2190 2
c497 0 2197 53
c498 0 2206 90
c499 1 2213 41
c500 0 2216 37
