c00 0 0 35
c01 1 4 58
c02 1 11 91
c03 1 11 90
c04 0 11 34
c05 0 14 83
c06 0 21 7
c07 1 30 85
c08 0 37 84
c09 0 41 28
c10 0 46 18
c11 0 55 10
c12 1 55 94
c13 1 60 41
c14 0 61 72
c15 1 62 76
c16 0 64 49
c17 1 69 49
c18 0 78 73
c19 0 80 12
c20 0 82 98
c21 1 88 75
c22 0 94 31
c23 0 102 15
c24 0 106 21
c25 0 110 96
c26 0 118 77
c27 0 126 25
c28 0 133 84
c29 0 137 51
c30 0 140 26
c31 1 147 43
c32 1 153 24
c33 0 160 87
c34 1 163 6
c35 1 165 71
c36 0 166 33
c37 0 175 54
c38 1 183 38
c39 0 187 23
c40 0 187 37
c41 1 193 40
c42 1 202 93
c43 0 208 3
c44 1 217 38
c45 0 224 65
c46 1 229 92
c47 0 231 39
c48 1 234 77
c49 0 243 4
c50 0 247 96
c51 1 256 83
c52 1 256 57
c53 1 259 71
c54 1 264 7
c55 1 264 53
c56 0 265 65
c57 1 271 62
c58 1 276 49
c59 0 276 29
c60 0 283 75
c61 1 287 91
c62 1 293 70
c63 0 300 48
c64 1 304 60
c65 0 308 9
c66 1 314 33
c67 1 314 48
c68 1 320 82
c69 0 325 34
c70 1 333 5
c71 1 333 44
c72 0 336 81
c73 0 339 54
c74 0 344 72
c75 1 346 14
c76 1 349 42
c77 0 349 53
c78 1 353 51
c79 0 362 79
c80 0 370 88
c81 0 372 76
c82 1 378 65
c83 0 384 32
c84 0 388 23
c85 0 391 24
c86 0 397 13
c87 1 397 51
c88 1 398 46
c89 1 398 38
c90 0 407 38
c91 0 412 37
c92 1 419 49
c93 1 421 91
c94 0 422 96
c95 0 425 89
c96 0 430 2
c97 1 432 51
c98 1 440 38
c99 1 449 20
c100 0 451 84
c101 0 453 2
c102 0 461 1
c103 0 462 53
c104 0 465 88
c105 1 471 38
c106 0 479 91
c107 1 479 82
c108 0 484 15
c109 0 490 41
c110 1 499 12
c111 1 505 72
c112 1 511 3
c113 1 515 87
c114 1 522 73
c115 1 526 20
c116 1 531 28
c117 1 534 85
c118 1 539 2
c119 1 545 69
c120 0 553 79
c121 1 562 91
c122 1 567 4
c123 0 572 9
c124 0 581 55
c125 1 585 13
c126 0 593 16
c127 1 599 88
c128 1 606 21
c129 1 606 76
c130 1 607 97
c131 0 610 7
c132 1 613 44
c133 1 616 47
c134 1 624 92
c135 1 628 54
c136 0 630 17
c137 1 634 33
c138 0 638 8
c139 1 642 30
c140 1 644 69
c141 1 653 48
c142 0 657 32
c143 0 665 49
c144 1 672 97
c145 0 673 15
c146 1 673 40
c147 0 675 95
c148 0 676 37
c149 0 677 62
c150 0 679 84
c151 1 679 33
c152 0 685 6
c153 1 686 57
c154 1 693 87
c155 0 695 88
c156 1 697 46
c157 1 705 69
c158 1 710 56
c159 0 718 21
c160 1 726 2
c161 1 734 8
c162 0 741 52
c163 0 750 29
c164 0 756 25
c165 1 760 54
c166 1 765 29
c167 1 770 45
c168 0 775 47
c169 1 776 38
c170 1 777 32
c171 1 783 54
c172 0 786 43
c173 0 789 68
c174 0 797 17
c175 0 800 71
c176 1 807 67
c177 1 807 6
c178 0 812 50
c179 0 820 22
c180 1 821 5
c181 0 821 75
c182 1 821 53
c183 0 822 5
c184 0 823 62
c185 1 832 95
c186 0 835 90
c187 0 838 16
c188 0 840 75
c189 1 849 61
c190 0 857 70
c191 1 859 89
c192 0 862 99
c193 1 869 67
c194 1 877 20
c195 1 883 40
c196 0 885 83
c197 1 886 53
c198 0 893 12
c199 1 898 94
c200 1 902 11
c201 0 908 87
c202 0 913 62
c203 1 916 96
c204 1 920 21
c205 0 928 2
c206 0 937 51
c207 1 938 36
c208 0 942 19
c209 0 949 13
c210 0 954 23
c211 1 958 31
c212 1 958 76
c213 0 963 62
c214 1 966 7
c215 0 971 4
c216 0 977 28
c217 1 980 6
c218 1 982 45
c219 1 990 25
c220 1 993 86
c221 1 1000 47
c222 0 1008 34
c223 0 1013 61
c224 0 1020 53
c225 1 1026 56
c226 1 1027 32
c227 0 1036 3
c228 0 1037 51
c229 1 1041 65
c230 1 1043 36
c231 0 1052 89
c232 0 1053 32
c233 1 1055 58
c234 0 1059 17
c235 1 1068 1
c236 0 1075 80
c237 1 1083 17
c238 1 1087 84
c239 0 1093 15
c240 1 1100 33
c241 0 1101 54
c242 1 1103 66
c243 0 1103 56
c244 0 1103 93
c245 1 1110 57
c246 1 1116 54
c247 0 1116 93
c248 0 1122 17
c249 0 1126 15
c250 0 1129 19
c251 0 1130 12
c252 0 1134 37
c253 0 1141 53
c254 0 1141 41
c255 1 1147 87
c256 0 1149 85
c257 1 1157 74
c258 1 1158 98
c259 1 1161 76
c260 1 1170 52
c261 1 1178 1
c262 0 1182 56
c263 0 1184 19
c264 1 1184 16
c265 1 1190 21
c266 0 1197 21
c267 0 1200 23
c268 1 1208 64
c269 0 1214 80
c270 1 1216 1
c271 0 1217 87
c272 0 1222 46
c273 1 1229 55
c274 1 1229 96
c275 1 1235 89
c276 0 1236 98
c277 1 1241 18
c278 1 1247 22
c279 0 1247 1
c280 0 1251 70
c281 1 1259 69
c282 0 1262 24
c283 1 1264 14
c284 1 1268 51
c285 0 1276 30
c286 1 1285 2
c287 1 1285 56
c288 0 1285 17
c289 1 1293 54
c290 1 1301 38
c291 0 1310 1
c292 1 1315 86
c293 0 1317 63
c294 0 1317 30
c295 0 1318 64
c296 1 1326 68
c297 0 1327 31
c298 0 1333 93
c299 0 1338 43
c300 1 1340 75
c301 0 1342 14
c302 0 1346 46
c303 1 1349 17
c304 0 1353 13
c305 1 1361 66
c306 0 1363 86
c307 0 1372 35
c308 0 1374 74
c309 0 1383 7
c310 0 1390 63
c311 1 1392 62
c312 1 1399 11
c313 0 1399 41
c314 0 1406 6
c315 1 1415 34
c316 0 1415 18
c317 0 1420 39
c318 0 1428 96
c319 0 1430 60
c320 1 1434 76
c321 1 1438 22
c322 0 1446 87
c323 1 1447 89
c324 1 1452 35
c325 0 1460 8
c326 1 1467 99
c327 0 1472 95
c328 1 1472 82
c329 0 1475 50
c330 0 1480 52
c331 1 1485 74
c332 0 1487 39
c333 1 1489 28
c334 1 1494 42
c335 0 1496 42
c336 0 1504 76
c337 1 1504 38
c338 1 1510 8
c339 1 1515 15
c340 1 1523 18
c341 0 1530 21
c342 0 1538 13
c343 1 1540 13
c344 0 1548 15
c345 0 1548 2
c346 0 1553 31
c347 0 1559 51
c348 0 1567 84
c349 1 1571 56
c350 1 1578 42
c351 0 1584 92
c352 1 1592 42
c353 1 1601 2
c354 1 1606 58
c355 0 1612 11
c356 0 1620 24
c357 1 1629 33
c358 0 1637 40
c359 0 1641 39
c360 1 1648 35
c361 0 1649 31
c362 0 1649 51
c363 1 1651 45
c364 1 1659 96
c365 0 1660 75
c366 1 1660 83
c367 1 1668 68
c368 0 1669 92
c369 0 1678 52
c370 1 1682 77
c371 0 1683 70
c372 0 1685 13
c373 1 1691 18
c374 0 1699 61
c375 0 1701 46
c376 0 1702 90
c377 1 1706 61
c378 0 1714 8
c379 1 1722 3
c380 1 1726 48
c381 0 1727 42
c382 0 1734 15
c383 0 1741 17
c384 0 1748 6
c385 0 1757 31
c386 1 1762 37
c387 1 1768 30
c388 0 1774 87
c389 1 1774 2
c390 1 1780 76
c391 1 1781 14
c392 0 1790 76
c393 0 1795 17
c394 0 1801 67
c395 0 1808 48
c396 1 1816 79
c397 1 1820 38
c398 0 1828 12
c399 1 1829 80
c400 1 1835 79
c401 0 1835 3
c402 1 1837 73
c403 0 1846 63
c404 0 1853 54
c405 0 1860 84
c406 0 1865 15
c407 0 1867 87
c408 1 1869 60
c409 0 1877 81
c410 0 1882 95
c411 1 1891 7
c412 0 1897 29
c413 0 1904 95
c414 1 1906 16
c415 0 1908 6
c416 1 1912 38
c417 1 1915 97
c418 1 1919 97
c419 0 1925 39
c420 0 1925 8
c421 1 1926 32
c422 1 1932 81
c423 0 1934 96
c424 1 1939 54
c425 1 1939 69
c426 0 1945 53
c427 0 1945 36
c428 1 1948 54
c429 1 1953 82
c430 1 1958 78
c431 1 1959 5
c432 1 1960 99
c433 0 1963 82
c434 0 1971 6
c435 0 1974 75
c436 0 1978 30
c437 0 1980 51
c438 1 1988 67
c439 0 1997 58
c440 1 2004 99
c441 1 2005 10
c442 0 2012 61
c443 0 2014 74
c444 0 2016 76
c445 0 2019 50
c446 1 2020 14
c447 0 2025 3
c448 1 2030 51
c449 0 2031 52
c450 0 2040 42
c451 1 2044 12
c452 1 2044 91
c453 0 2048 13
c454 0 2057 21
c455 1 2066 26
c456 0 2074 84
c457 0 2083 15
c458 1 2091 80
c459 0 2097 7
c460 0 2105 17
c461 1 2106 48
c462 1 2108 53
c463 0 2111 98
c464 0 2119 82
c465 0 2121 73
c466 1 2126 16
c467 1 2129 41
c468 1 2138 92
c469 1 2138 84
c470 0 2139 3
c471 0 2145 71
c472 1 2153 69
c473 1 2160 90
c474 1 2165 29
c475 0 2169 29
c476 1 2173 11
c477 0 2180 46
c478 0 2181 15
c479 1 2182 85
c480 0 2182 40
c481 1 2189 3
c482 0 2192 23
c483 1 2200 21
c484 1 2209 37
c485 1 2211 74
c486 0 2220 54
c487 1 2227 97
c488 1 2232 19
c489 0 2232 18
c490 1 2234 48
c491 1 2236 9
c492 1 2245 99
c493 1 2251 85
c494 1 2260 77
c495 0 2269 1
c496 0 2275 11
c497 1 2279 77
c498 1 2280 52
c499 1 2283 5
c500 1 2286 42
