c00 1 0 13
c01 0 0 47
c02 1 8 16
c03 1 11 28
c04 0 20 20
c05 1 27 74
c06 0 35 34
c07 1 44 96
c08 0 46 43
c09 0 53 51
c10 0 60 97
c11 1 62 42
c12 1 65 33
c13 1 69 10
c14 1 71 32
c15 1 77 89
c16 1 78 64
c17 0 79 5
c18 1 80 10
c19 0 83 25
c20 0 90 1
c21 0 90 53
c22 0 93 72
c23 0 101 97
c24 1 104 51
c25 1 104 4
c26 0 111 71
c27 1 111 42
c28 0 112 53
c29 0 120 76
c30 1 126 71
c31 1 128 71
c32 0 134 65
c33 1 141 12
c34 1 142 71
c35 1 149 88
c36 0 153 8
c37 1 159 56
c38 1 166 54
c39 1 170 48
c40 1 173 88
c41 0 173 10
c42 1 176 40
c43 0 184 72
c44 0 186 63
c45 0 186 34
c46 1 192 92
c47 1 197 87
c48 1 205 7
c49 0 213 51
c50 0 215 27
c51 0 224 27
c52 1 229 4
c53 0 238 73
c54 1 244 77
c55 1 245 64
c56 0 248 23
c57 0 249 68
c58 1 256 71
c59 1 257 50
c60 0 259 59
c61 0 260 42
c62 0 265 49
c63 1 273 1
c64 0 277 65
c65 0 281 24
c66 1 286 88
c67 1 294 91
c68 0 298 46
c69 1 304 79
c70 0 309 94
c71 1 318 75
c72 0 321 81
c73 1 330 52
c74 1 335 13
c75 0 339 93
c76 1 346 37
c77 1 349 55
c78 0 352 20
c79 1 354 99
c80 0 354 46
c81 1 355 74
c82 0 359 30
c83 1 363 57
c84 0 371 58
c85 0 371 56
c86 0 380 68
c87 1 384 57
c88 0 389 49
c89 0 397 69
c90 0 403 28
c91 0 411 43
c92 1 413 81
c93 1 420 4
c94 1 420 79
c95 1 424 57
c96 1 430 67
c97 0 432 54
c98 0 438 90
c99 0 442 37
c100 1 447 47
c101 0 449 97
c102 1 457 90
c103 0 464 73
c104 0 464 43
c105 1 464 55
c106 1 470 9
c107 1 474 21
c108 0 479 61
c109 1 486 66
c110 1 495 14
c111 0 497 14
c112 1 500 11
c113 1 501 97
c114 0 507 15
c115 1 509 83
c116 1 515 7
c117 0 517 65
c118 0 522 92
c119 1 523 60
c120 0 525 20
c121 1 534 92
c122 0 535 55
c123 0 535 16
c124 0 538 62
c125 1 545 75
c126 0 546 27
c127 0 554 94
c128 1 555 75
c129 0 559 44
c130 0 559 16
c131 1 567 70
c132 0 569 33
c133 1 574 5
c134 0 582 40
c135 1 588 17
c136 1 594 17
c137 1 599 18
c138 1 599 34
c139 0 600 84
c140 0 605 94
c141 0 613 29
c142 1 616 79
c143 1 618 80
c144 0 622 19
c145 1 622 94
c146 1 624 97
c147 1 624 17
c148 1 624 27
c149 1 626 24
c150 0 628 97
c151 1 628 31
c152 0 637 63
c153 1 642 77
c154 1 649 64
c155 1 655 85
c156 0 657 67
c157 0 662 68
c158 0 670 97
c159 0 676 43
c160 1 683 52
c161 1 692 51
c162 0 694 45
c163 1 696 36
c164 0 699 59
c165 0 699 25
c166 1 705 70
c167 0 708 40
c168 1 715 78
c169 1 716 6
c170 0 721 69
c171 0 723 31
c172 0 727 17
c173 1 736 80
c174 1 739 77
c175 1 739 92
c176 0 740 37
c177 0 743 31
c178 0 749 61
c179 0 749 41
c180 0 750 15
c181 0 750 5
c182 1 751 5
c183 1 759 22
c184 1 762 9
c185 1 771 32
c186 1 777 15
c187 1 784 99
c188 0 792 19
c189 0 800 46
c190 1 808 13
c191 1 813 30
c192 1 820 19
c193 0 828 53
c194 1 831 42
c195 0 839 47
c196 0 844 47
c197 0 846 62
c198 0 848 61
c199 0 850 28
c200 1 857 43
c201 0 865 83
c202 1 867 81
c203 1 875 53
c204 1 876 50
c205 1 882 12
c206 1 886 27
c207 0 893 41
c208 0 898 76
c209 1 905 68
c210 0 912 52
c211 1 914 72
c212 0 923 81
c213 1 923 6
c214 0 923 84
c215 1 931 93
c216 0 940 86
c217 1 944 8
c218 1 950 1
c219 0 959 4
c220 1 961 17
c221 0 968 86
c222 0 968 90
c223 1 977 23
c224 0 977 41
c225 1 982 73
c226 0 990 50
c227 1 998 39
c228 0 1000 19
c229 0 1005 93
c230 1 1008 23
c231 1 1016 51
c232 1 1018 92
c233 0 1026 24
c234 0 1027 77
c235 0 1027 91
c236 1 1033 90
c237 0 1042 81
c238 0 1046 74
c239 1 1053 84
c240 0 1056 9
c241 1 1058 62
c242 0 1066 92
c243 0 1067 19
c244 0 1075 10
c245 0 1078 25
c246 0 1086 87
c247 0 1094 59
c248 0 1094 99
c249 1 1100 42
c250 0 1109 40
c251 0 1115 46
c252 1 1122 77
c253 1 1125 7
c254 0 1130 34
c255 1 1134 38
c256 1 1136 80
c257 1 1140 33
c258 0 1140 93
c259 1 1149 29
c260 0 1155 31
c261 0 1157 90
c262 1 1164 78
c263 0 1166 43
c264 1 1168 10
c265 1 1170 91
c266 0 1173 83
c267 0 1182 15
c268 0 1185 52
c269 1 1193 22
c270 0 1197 52
c271 1 1198 87
c272 0 1204 79
c273 0 1205 27
c274 0 1209 62
c275 0 1215 8
c276 1 1215 99
c277 1 1220 58
c278 0 1224 99
c279 0 1232 19
c280 1 1240 62
c281 1 1248 2
c282 1 1256 62
c283 1 1262 3
c284 0 1267 40
c285 0 1267 65
c286 0 1268 15
c287 0 1274 51
c288 1 1281 61
c289 0 1284 88
c290 0 1287 84
c291 0 1287 26
c292 0 1289 4
c293 1 1294 55
c294 1 1294 28
c295 1 1300 31
c296 1 1308 9
c297 0 1309 82
c298 1 1311 30
c299 0 1313 18
c300 1 1315 69
c301 0 1323 89
c302 0 1331 93
c303 1 1340 81
c304 0 1344 42
c305 0 1351 37
c306 0 1354 62
c307 0 1361 46
c308 0 1363 41
c309 1 1371 28
c310 1 1377 99
c311 1 1385 73
c312 1 1385 35
c313 1 1387 61
c314 0 1392 84
c315 0 1400 30
c316 1 1407 35
c317 0 1414 21
c318 0 1416 6
c319 0 1421 15
c320 1 1421 54
c321 0 1429 7
c322 1 1431 63
c323 0 1432 78
c324 0 1435 25
c325 0 1444 74
c326 0 1445 96
c327 1 1451 7
c328 1 1455 26
c329 1 1458 18
c330 0 1466 40
c331 1 1470 75
c332 1 1474 71
c333 0 1482 87
c334 0 1484 26
c335 0 1484 35
c336 1 1487 85
c337 0 1493 17
c338 0 1502 3
c339 0 1510 51
c340 1 1510 29
c341 1 1516 87
c342 1 1522 72
c343 1 1526 38
c344 0 1526 30
c345 0 1526 57
c346 1 1529 68
c347 1 1529 84
c348 1 1536 22
c349 1 1544 58
c350 1 1544 17
c351 1 1550 90
c352 1 1558 82
c353 1 1559 11
c354 1 1565 33
c355 0 1574 73
c356 1 1575 23
c357 1 1578 53
c358 1 1583 16
c359 1 1583 68
c360 1 1590 80
c361 0 1595 47
c362 0 1601 40
c363 0 1609 57
c364 1 1611 88
c365 0 1616 20
c366 1 1617 83
c367 1 1623 62
c368 1 1630 37
c369 0 1634 55
c370 1 1637 86
c371 0 1644 20
c372 0 1647 97
c373 1 1647 67
c374 1 1653 12
c375 0 1658 7
c376 1 1665 73
c377 1 1666 76
c378 1 1672 86
c379 1 1681 12
c380 0 1684 35
c381 0 1690 81
c382 1 1695 95
c383 0 1699 68
c384 0 1706 1
c385 0 1710 75
c386 1 1719 13
c387 0 1719 1
c388 1 1721 25
c389 1 1727 3
c390 0 1728 26
c391 0 1729 20
c392 0 1734 70
c393 1 1735 69
c394 1 1737 10
c395 0 1742 85
c396 0 1745 99
c397 1 1751 82
c398 0 1755 55
c399 1 1761 62
c400 0 1761 27
c401 0 1765 86
c402 0 1766 24
c403 1 1774 37
c404 1 1781 92
c405 0 1787 36
c406 0 1793 62
c407 0 1795 84
c408 0 1795 76
c409 0 1800 17
c410 1 1805 26
c411 0 1808 96
c412 1 1809 28
c413 1 1810 18
c414 0 1817 43
c415 1 1822 98
c416 0 1824 9
c417 0 1831 40
c418 1 1839 6
c419 1 1848 60
c420 0 1848 15
c421 0 1849 97
c422 0 1849 86
c423 0 1858 19
c424 1 1866 15
c425 1 1868 29
c426 1 1874 74
c427 1 1876 51
c428 0 1882 22
c429 1 1888 27
c430 1 1893 37
c431 1 1900 76
c432 0 1908 44
c433 0 1916 70
c434 1 1923 98
c435 1 1925 62
c436 1 1927 79
c437 0 1929 68
c438 0 1930 41
c439 0 1933 11
c440 0 1934 75
c441 0 1943 35
c442 0 1952 24
c443 0 1960 45
c444 1 1964 66
c445 1 1964 52
c446 0 1971 43
c447 1 1971 81
c448 0 1980 44
c449 1 1987 65
c450 0 1992 88
c451 0 1998 31
c452 1 2006 46
c453 1 2013 58
c454 1 2014 20
c455 1 2023 16
c456 1 2026 84
c457 0 2034 92
c458 1 2041 94
c459 1 2050 29
c460 0 2057 93
c461 1 2062 76
c462 1 2064 12
c463 0 2065 76
c464 0 2065 3
c465 0 2067 82
c466 1 2069 50
c467 1 2074 14
c468 0 2082 59
c469 0 2084 84
c470 0 2084 76
c471 1 2092 57
c472 1 2098 74
c473 0 2102 98
c474 0 2106 11
c475 0 2113 83
c476 1 2118 91
c477 0 2123 9
c478 0 2128 16
c479 0 2133 66
c480 0 2134 42
c481 0 2143 13
c482 1 2143 79
c483 1 2146 40
c484 1 2153 27
c485 0 2158 5
c486 0 2158 24
c487 1 2159 86
c488 0 2162 11
c489 1 2164 32
c490 0 2170 3
c491 0 2172 13
c492 1 2181 5
c493 1 2183 99
c494 1 2189 96
c495 1 2195 59
c496 0 2201 82
c497 0 2203 24
c498 0 2210 76
c499 0 2210 42
c500 1 2210 8
