c00 0 0 80
c01 0 8 87
c02 0 15 58
c03 1 18 79
c04 1 18 73
c05 1 26 15
c06 0 28 85
c07 0 28 15
c08 0 30 54
c09 0 30 10
c10 1 36 18
c11 0 42 40
c12 0 46 40
c13 0 50 22
c14 1 52 50
c15 0 61 83
c16 0 65 29
c17 0 68 56
c18 0 72 10
c19 0 77 28
c20 0 82 54
c21 1 82 11
c22 1 83 38
c23 0 83 26
c24 1 89 54
c25 1 89 60
c26 1 91 62
c27 1 91 22
c28 0 99 53
c29 1 100 93
c30 0 100 73
c31 0 102 3
c32 0 108 35
c33 0 113 59
c34 1 122 43
c35 0 126 52
c36 1 130 32
c37 1 138 50
c38 1 143 50
c39 0 152 8
c40 1 160 38
c41 1 168 95
c42 1 170 76
c43 0 173 34
c44 0 173 57
c45 1 180 67
c46 1 184 34
c47 1 185 60
c48 1 187 90
c49 0 194 17
c50 1 203 42
c51 0 206 76
c52 0 208 65
c53 0 208 68
c54 1 215 47
c55 1 219 12
c56 0 219 42
c57 1 219 63
c58 0 220 6
c59 0 227 40
c60 0 235 24
c61 1 241 81
c62 0 250 58
c63 0 252 10
c64 1 257 87
c65 1 265 57
c66 1 272 76
c67 0 279 77
c68 1 287 71
c69 1 289 12
c70 0 297 21
c71 1 299 40
c72 1 303 56
c73 1 310 23
c74 0 312 1
c75 1 319 32
c76 1 325 64
c77 1 330 63
c78 0 337 4
c79 0 344 24
c80 0 344 67
c81 0 348 85
c82 1 351 46
c83 1 354 62
c84 1 360 2
c85 0 364 83
c86 1 371 17
c87 1 376 22
c88 1 381 48
c89 0 385 6
c90 0 394 45
c91 1 397 55
c92 1 401 81
c93 1 402 32
c94 1 408 93
c95 1 417 83
c96 1 423 82
c97 0 428 49
c98 1 437 24
c99 1 437 76
c100 0 441 38
c101 0 442 67
c102 1 445 39
c103 1 454 17
c104 0 455 26
c105 1 457 76
c106 1 457 96
c107 0 462 56
c108 1 466 58
c109 0 470 54
c110 0 470 49
c111 1 479 50
c112 1 483 89
c113 1 485 90
c114 0 489 80
c115 1 496 2
c116 0 499 9
c117 0 504 39
c118 0 513 94
c119 0 515 84
c120 0 524 94
c121 0 529 55
c122 0 535 29
c123 0 544 46
c124 0 546 54
c125 0 554 59
c126 1 554 93
c127 1 563 22
c128 0 572 17
c129 0 574 93
c130 1 581 32
c131 1 581 64
c132 0 582 57
c133 1 588 39
c134 1 592 15
c135 0 594 89
c136 0 599 20
c137 1 608 64
c138 0 608 73
c139 1 614 73
c140 1 621 78
c141 0 623 35
c142 1 625 65
c143 1 631 37
c144 1 636 25
c145 0 644 26
c146 1 651 89
c147 0 651 66
c148 0 653 96
c149 1 653 25
c150 1 655 86
c151 0 663 42
c152 0 667 8
c153 0 674 37
c154 1 674 86
c155 0 675 28
c156 1 684 85
c157 0 687 54
c158 0 689 56
c159 1 693 22
c160 0 695 78
c161 0 701 95
c162 1 702 58
c163 0 708 31
c164 1 717 70
c165 1 719 42
c166 1 727 7
c167 1 736 20
c168 1 744 96
c169 1 746 8
c170 0 751 72
c171 0 758 56
c172 1 765 13
c173 1 769 4
c174 0 777 50
c175 1 777 1
c176 0 785 62
c177 1 792 82
c178 1 800 47
c179 1 800 28
c180 0 807 26
c181 0 814 3
c182 1 814 34
c183 1 823 38
c184 0 830 77
c185 0 836 60
c186 1 845 59
c187 1 845 49
c188 0 848 97
c189 1 857 54
c190 1 857 89
c191 1 862 2
c192 1 864 3
c193 1 866 61
c194 0 874 70
c195 1 883 24
c196 0 884 74
c197 0 886 66
c198 0 886 89
c199 1 886 56
c200 1 891 89
c201 1 897 45
c202 0 900 25
c203 0 907 22
c204 0 915 23
c205 1 921 21
c206 1 930 15
c207 1 932 17
c208 0 932 72
c209 0 936 66
c210 1 936 18
c211 0 941 23
c212 0 948 16
c213 1 949 77
c214 0 954 81
c215 1 961 60
c216 1 966 53
c217 0 966 27
c218 0 970 22
c219 1 974 45
c220 0 976 58
c221 1 976 54
c222 1 976 87
c223 1 985 10
c224 0 988 38
c225 0 990 99
c226 1 998 6
c227 1 1000 66
c228 1 1004 57
c229 0 1005 60
c230 0 1010 88
c231 0 1018 54
c232 0 1022 50
c233 0 1022 6
c234 0 1022 65
c235 1 1023 71
c236 0 1030 25
c237 0 1030 75
c238 1 1039 18
c239 1 1044 43
c240 0 1047 17
c241 1 1055 93
c242 1 1055 90
c243 1 1058 46
c244 1 1058 28
c245 1 1058 33
c246 0 1061 8
c247 1 1065 80
c248 1 1068 10
c249 1 1071 41
c250 0 1078 27
c251 1 1082 93
c252 0 1082 22
c253 0 1083 38
c254 0 1089 3
c255 1 1096 69
c256 1 1097 50
c257 0 1101 60
c258 1 1106 81
c259 0 1109 93
c260 1 1115 61
c261 0 1120 34
c262 0 1127 96
c263 0 1127 57
c264 0 1133 59
c265 0 1138 32
c266 1 1138 9
c267 0 1140 44
c268 0 1142 32
c269 1 1142 4
c270 1 1148 90
c271 0 1151 27
c272 1 1156 78
c273 0 1159 24
c274 0 1162 13
c275 1 1162 92
c276 0 1163 11
c277 1 1165 46
c278 0 1170 47
c279 1 1173 94
c280 0 1178 20
c281 0 1178 24
c282 1 1183 82
c283 1 1187 56
c284 1 1196 58
c285 1 1202 31
c286 1 1204 16
c287 1 1206 78
c288 0 1213 54
c289 1 1217 44
c290 0 1219 27
c291 0 1227 55
c292 0 1229 10
c293 1 1237 62
c294 0 1238 20
c295 0 1240 92
c296 0 1242 41
c297 0 1248 30
c298 0 1255 75
c299 1 1259 31
c300 1 1262 4
c301 1 1264 90
c302 0 1264 82
c303 1 1269 63
c304 1 1270 8
c305 1 1271 16
c306 1 1276 52
c307 0 1276 12
c308 1 1280 53
c309 1 1288 56
c310 0 1293 60
c311 1 1293 77
c312 0 1300 51
c313 0 1307 99
c314 0 1314 51
c315 0 1315 7
c316 0 1317 74
c317 1 1322 2
c318 1 1324 12
c319 0 1331 82
c320 1 1332 99
c321 0 1339 77
c322 0 1342 89
c323 1 1342 31
c324 0 1346 61
c325 0 1349 69
c326 0 1355 77
c327 1 1363 50
c328 1 1367 3
c329 1 1367 81
c330 1 1376 91
c331 1 1385 50
c332 1 1388 70
c333 0 1393 81
c334 0 1399 58
c335 0 1406 62
c336 0 1410 64
c337 1 1419 5
c338 1 1420 82
c339 1 1427 26
c340 1 1428 49
c341 1 1434 48
c342 1 1442 37
c343 0 1442 64
c344 0 1447 50
c345 0 1449 14
c346 1 1450 56
c347 0 1454 44
c348 1 1456 96
c349 0 1461 1
c350 1 1466 58
c351 1 1467 69
c352 1 1474 34
c353 0 1474 42
c354 0 1477 70
c355 0 1483 90
c356 0 1485 12
c357 1 1489 16
c358 1 1498 61
c359 0 1500 4
c360 0 1507 95
c361 1 1509 41
c362 0 1512 44
c363 0 1512 54
c364 0 1514 47
c365 1 1523 39
c366 0 1524 16
c367 1 1533 56
c368 1 1538 22
c369 1 1541 82
c370 1 1542 28
c371 0 1547 13
c372 1 1549 91
c373 1 1549 87
c374 0 1552 37
c375 0 1561 68
c376 1 1565 90
c377 0 1567 13
c378 1 1576 48
c379 0 1580 94
c380 0 1583 86
c381 1 1592 25
c382 1 1597 86
c383 1 1604 64
c384 0 1612 84
c385 0 1615 44
c386 1 1622 16
c387 0 1627 64
c388 0 1631 1
c389 1 1640 2
c390 1 1648 88
c391 1 1652 50
c392 0 1659 58
c393 1 1666 91
c394 1 1669 87
c395 1 1677 20
c396 0 1680 48
c397 1 1689 23
c398 0 1693 99
c399 1 1701 26
c400 1 1707 61
c401 1 1712 18
c402 0 1719 14
c403 1 1719 2
c404 0 1727 83
c405 1 1727 74
c406 1 1735 54
c407 0 1741 85
c408 1 1741 80
c409 0 1742 30
c410 0 1749 88
c411 1 1758 18
c412 1 1763 6
c413 1 1764 70
c414 1 1771 52
c415 1 1773 6
c416 0 1775 68
c417 1 1781 27
c418 1 1784 6
c419 0 1790 88
c420 0 1798 57
c421 0 1799 64
c422 0 1802 99
c423 0 1803 38
c424 0 1808 27
c425 1 1809 93
c426 1 1818 57
c427 0 1824 39
c428 1 1830 17
c429 0 1835 1
c430 0 1837 83
c431 1 1842 71
c432 1 1842 39
c433 0 1842 50
c434 0 1842 1
c435 1 1844 97
c436 0 1844 66
c437 1 1851 90
c438 1 1855 76
c439 1 1857 22
c440 0 1866 12
c441 1 1868 96
c442 0 1872 82
c443 1 1880 56
c444 0 1880 38
c445 0 1882 36
c446 0 1886 31
c447 0 1893 41
c448 0 1902 77
c449 1 1908 86
c450 1 1917 79
c451 1 1923 80
c452 1 1924 45
c453 0 1930 10
c454 1 1933 61
c455 0 1935 79
c456 0 1940 85
c457 1 1947 65
c458 0 1949 70
c459 0 1951 2
c460 1 1953 31
c461 1 1953 68
c462 1 1962 77
c463 1 1966 67
c464 0 1972 25
c465 0 1973 97
c466 0 1973 52
c467 1 1973 99
c468 1 1973 33
c469 1 1976 47
c470 0 1978 36
c471 1 1980 46
c472 0 1989 54
c473 0 1989 65
c474 1 1989 56
c475 1 1989 37
c476 1 1997 78
c477 1 2004 42
c478 1 2013 52
c479 1 2022 51
c480 0 2024 21
c481 0 2031 43
c482 1 2036 70
c483 1 2040 93
c484 1 2044 16
c485 0 2052 43
c486 1 2058 12
c487 0 2058 98
c488 0 2059 98
c489 0 2065 58
c490 1 2070 43
c491 0 2070 12
c492 1 2075 99
c493 0 2084 57
c494 0 2092 36
c495 0 2097 52
c496 1 2103 6
c497 0 2107 81
c498 1 2113 35
c499 1 2122 15
c500 0 2129 86
