c00 1 0 13
c01 1 1 1
c02 1 1 31
c03 1 4 68
c04 0 4 14
c05 1 12 6
c06 0 19 30
c07 0 19 20
c08 0 20 15
c09 0 22 82
c10 0 23 81
c11 0 30 38
c12 1 38 40
c13 0 46 41
c14 1 47 69
c15 0 53 28
c16 0 60 2
c17 1 69 84
c18 0 75 5
c19 0 79 50
c20 0 86 33
c21 1 90 1
c22 0 98 53
c23 1 105 32
c24 1 113 22
c25 1 116 2
c26 0 122 9
c27 0 123 56
c28 1 124 24
c29 1 127 23
c30 1 133 63
c31 1 136 32
c32 1 144 71
c33 1 153 11
c34 1 158 47
c35 0 162 21
c36 0 169 60
c37 0 169 32
c38 1 170 2
c39 0 176 54
c40 1 181 98
c41 1 184 97
c42 1 188 31
c43 0 189 29
c44 1 190 54
c45 1 190 20
c46 1 196 62
c47 0 200 32
c48 1 207 69
c49 0 212 72
c50 1 214 10
c51 1 215 27
c52 0 216 68
c53 0 221 80
c54 1 224 35
c55 0 225 31
c56 0 231 59
c57 0 239 60
c58 1 247 21
c59 1 254 70
c60 0 260 19
c61 1 266 88
c62 0 270 52
c63 1 274 6
c64 0 279 47
c65 1 281 56
c66 1 284 10
c67 1 285 98
c68 1 286 43
c69 0 288 67
c70 1 290 57
c71 1 293 70
c72 1 302 87
c73 0 308 59
c74 0 316 14
c75 0 322 60
c76 0 324 94
c77 1 330 19
c78 1 333 65
c79 1 335 13
c80 0 343 23
c81 0 351 60
c82 0 351 27
c83 1 351 70
c84 1 356 54
c85 0 361 38
c86 1 365 84
c87 0 369 33
c88 1 370 18
c89 1 372 8
c90 1 373 15
c91 1 377 97
c92 1 384 13
c93 0 389 83
c94 0 392 46
c95 1 397 22
c96 1 403 88
c97 1 411 77
c98 0 414 70
c99 1 416 38
c100 1 424 78
c101 0 429 65
c102 0 436 31
c103 0 441 36
c104 1 450 17
c105 1 455 1
c106 1 461 67
c107 1 466 26
c108 0 471 25
c109 1 472 57
c110 1 480 67
c111 0 481 20
c112 0 482 16
c113 1 486 41
c114 1 486 18
c115 1 487 50
c116 0 495 77
c117 0 501 74
c118 1 510 89
c119 1 511 9
c120 1 511 52
c121 1 512 45
c122 1 521 48
c123 1 523 81
c124 1 531 58
c125 1 531 96
c126 0 537 74
c127 0 545 33
c128 1 554 40
c129 1 556 48
c130 1 558 59
c131 1 566 54
c132 0 571 66
c133 0 575 42
c134 1 583 77
c135 0 589 50
c136 1 590 37
c137 1 590 16
c138 1 593 73
c139 0 595 16
c140 0 596 53
c141 0 600 73
c142 1 603 16
c143 1 604 79
c144 0 606 56
c145 0 614 56
c146 1 616 78
c147 0 622 8
c148 0 623 41
c149 1 628 76
c150 1 634 71
c151 0 640 54
c152 1 643 33
c153 1 651 75
c154 1 654 54
c155 1 658 9
c156 0 666 40
c157 1 667 51
c158 0 668 45
c159 0 668 90
c160 1 669 55
c161 0 673 97
c162 1 680 26
c163 0 683 38
c164 0 691 74
c165 0 695 89
c166 1 697 47
c167 0 704 60
c168 1 708 52
c169 0 717 68
c170 1 726 8
c171 0 728 77
c172 0 728 11
c173 1 728 65
c174 1 735 91
c175 1 740 12
c176 0 746 42
c177 0 748 12
c178 0 752 96
c179 1 760 2
c180 1 765 47
c181 1 773 73
c182 1 777 97
c183 0 777 74
c184 1 786 28
c185 1 795 48
c186 1 795 97
c187 0 802 56
c188 1 809 57
c189 1 809 79
c190 0 816 27
c191 0 822 40
c192 0 827 62
c193 1 829 56
c194 0 833 77
c195 0 839 36
c196 0 839 76
c197 1 848 96
c198 1 856 86
c199 0 864 89
c200 0 866 92
c201 0 868 69
c202 0 870 76
c203 0 870 94
c204 1 875 7
c205 0 883 19
c206 0 889 57
c207 1 890 1
c208 1 896 68
c209 1 896 32
c210 1 902 33
c211 0 911 49
c212 0 915 98
c213 0 923 39
c214 0 930 56
c215 0 932 58
c216 0 941 5
c217 1 948 62
c218 1 955 33
c219 1 958 71
c220 1 965 13
c221 1 972 26
c222 0 978 30
c223 1 980 61
c224 0 982 30
c225 1 989 60
c226 0 991 66
c227 1 994 48
c228 1 997 6
c229 1 1004 44
c230 1 1010 59
c231 0 1016 79
c232 1 1021 74
c233 0 1028 54
c234 1 1034 9
c235 1 1042 56
c236 1 1050 59
c237 1 1056 10
c238 1 1057 66
c239 0 1061 45
c240 1 1070 97
c241 1 1075 28
c242 0 1075 13
c243 0 1077 48
c244 1 1081 68
c245 1 1083 2
c246 1 1091 94
c247 0 1093 57
c248 1 1101 25
c249 1 1101 35
c250 0 1109 10
c251 0 1109 49
c252 1 1115 17
c253 1 1124 60
c254 0 1132 17
c255 1 1133 59
c256 1 1139 88
c257 0 1140 36
c258 0 1145 52
c259 1 1147 23
c260 0 1149 16
c261 1 1156 33
c262 1 1156 40
c263 1 1160 63
c264 1 1162 48
c265 1 1171 24
c266 1 1179 90
c267 0 1183 31
c268 0 1186 74
c269 0 1191 38
c270 1 1200 81
c271 1 1204 5
c272 0 1210 98
c273 1 1219 98
c274 0 1226 56
c275 1 1232 31
c276 0 1234 79
c277 0 1243 49
c278 0 1243 64
c279 0 1246 36
c280 0 1250 82
c281 0 1258 21
c282 1 1263 3
c283 0 1272 36
c284 1 1276 16
c285 1 1280 24
c286 0 1283 67
c287 1 1290 52
c288 1 1291 19
c289 0 1292 9
c290 0 1298 72
c291 1 1298 69
c292 1 1305 58
c293 0 1313 6
c294 0 1317 40
c295 1 1323 22
c296 0 1330 21
c297 1 1338 29
c298 1 1344 72
c299 1 1344 22
c300 0 1353 26
c301 1 1355 38
c302 0 1363 88
c303 0 1372 83
c304 0 1381 5
c305 0 1389 12
c306 0 1392 30
c307 1 1396 98
c308 0 1404 7
c309 0 1405 4
c310 1 1414 37
c311 1 1423 55
c312 0 1432 43
c313 1 1433 76
c314 1 1441 77
c315 0 1443 84
c316 0 1444 95
c317 0 1444 19
c318 1 1447 4
c319 1 1448 89
c320 0 1456 91
c321 1 1457 1
c322 0 1461 80
c323 0 1462 90
c324 1 1468 51
c325 0 1470 68
c326 1 1471 79
c327 1 1472 12
c328 1 1478 9
c329 0 1483 95
c330 1 1492 8
c331 0 1496 3
c332 1 1505 32
c333 0 1513 89
c334 1 1522 46
c335 0 1529 64
c336 0 1529 21
c337 1 1537 97
c338 1 1544 16
c339 0 1550 12
c340 1 1557 13
c341 0 1557 88
c342 0 1557 8
c343 0 1563 39
c344 0 1567 48
c345 1 1568 69
c346 1 1568 2
c347 1 1575 51
c348 0 1581 33
c349 1 1588 52
c350 1 1593 88
c351 1 1596 39
c352 1 1599 52
c353 0 1607 14
c354 0 1607 59
c355 0 1616 38
c356 1 1621 11
c357 1 1625 65
c358 0 1629 85
c359 0 1632 17
c360 0 1641 60
c361 0 1649 11
c362 1 1652 11
c363 1 1653 34
c364 1 1662 90
c365 0 1671 39
c366 0 1677 41
c367 0 1678 92
c368 0 1682 49
c369 1 1690 86
c370 1 1694 63
c371 1 1698 15
c372 1 1701 2
c373 1 1707 26
c374 0 1714 76
c375 1 1721 6
c376 1 1721 24
c377 0 1729 22
c378 1 1732 97
c379 1 1734 21
c380 0 1734 12
c381 1 1736 53
c382 0 1736 48
c383 1 1742 39
c384 1 1744 11
c385 1 1747 53
c386 1 1749 97
c387 1 1752 35
c388 1 1752 7
c389 1 1753 2
c390 0 1754 78
c391 1 1757 13
c392 0 1758 61
c393 0 1765 22
c394 1 1774 60
c395 1 1781 63
c396 1 1788 74
c397 1 1796 75
c398 0 1802 25
c399 1 1811 23
c400 0 1815 78
c401 1 1822 87
c402 1 1822 20
c403 0 1822 14
c404 0 1831 39
c405 0 1832 26
c406 1 1834 12
c407 1 1842 70
c408 0 1846 86
c409 0 1851 7
c410 1 1854 76
c411 0 1856 51
c412 0 1857 89
c413 0 1859 98
c414 1 1867 16
c415 0 1875 64
c416 0 1880 25
c417 1 1886 5
c418 0 1887 83
c419 1 1891 64
c420 1 1895 96
c421 1 1898 34
c422 1 1898 32
c423 1 1906 98
c424 1 1910 94
c425 1 1917 28
c426 1 1920 33
c427 1 1927 76
c428 1 1930 93
c429 1 1931 45
c430 1 1940 98
c431 1 1945 6
c432 1 1953 34
c433 0 1960 49
c434 0 1962 68
c435 0 1962 58
c436 1 1963 19
c437 1 1970 63
c438 1 1973 25
c439 0 1977 85
c440 0 1977 8
c441 1 1978 19
c442 1 1980 12
c443 0 1986 37
c444 0 1986 36
c445 0 1987 62
c446 0 1993 79
c447 1 1997 95
c448 1 2003 31
c449 0 2010 79
c450 1 2011 61
c451 0 2016 1
c452 0 2017 20
c453 1 2020 63
c454 0 2026 29
c455 1 2027 84
c456 1 2028 45
c457 1 2032 50
c458 1 2038 95
c459 0 2043 62
c460 0 2045 39
c461 0 2051 35
c462 1 2054 63
c463 0 2054 47
c464 1 2058 69
c465 0 2058 23
c466 1 2067 2
c467 0 2070 40
c468 1 2074 31
c469 1 2079 78
c470 1 2088 48
c471 0 2097 16
c472 1 2098 28
c473 0 2105 77
c474 0 2110 35
c475 1 2114 58
c476 0 2119 12
c477 0 2124 10
c478 1 2129 79
c479 0 2136 65
c480 1 2142 55
c481 1 2144 77
c482 1 2150 7
c483 0 2159 58
c484 0 2168 64
c485 0 2169 48
c486 0 2171 52
c487 0 2179 29
c488 1 2182 27
c489 0 2184 54
c490 1 2184 59
c491 0 2193 97
c492 0 2197 87
c493 1 2206 37
c494 0 2211 37
c495 0 2217 6
c496 0 2218 50
c497 0 2226 89
c498 1 2231 98
c499 0 2237 45
c500 0 2243 21
